RequestsNum:								
31								
Requests and depot info:								
ID	Loc_x	Loc_y	RdrNum	LugNum	EarTime	LatTime	DDL_Arr	TUB
0	121.430649	31.15344	0	0	0	1440	1440	1440
1	121.3272287	31.1807562	1	1	422	452	485	33
2	121.4048637	31.2609823	1	0	418	448	485	37
3	121.4624585	31.2091887	2	1	440	470	495	25
4	121.399733	31.2128983	1	0	441	471	495	24
5	121.490314	31.1804742	1	1	428	458	480	22
6	121.283182	31.1264508	1	2	413	443	485	42
7	121.4866696	31.188197	1	0	435	465	490	25
8	121.5437087	31.0883148	2	1	411	441	490	49
9	121.4617571	31.1516053	1	1	442	472	490	18
10	121.3026158	31.1959028	1	0	419	449	495	46
11	121.480053	31.2405607	1	1	426	456	490	34
12	121.3821244	31.118829	1	0	439	469	490	21
13	121.409281	31.1216839	1	1	449	479	495	16
14	121.4719051	31.2393778	1	1	423	453	485	32
15	121.5103684	31.0725258	1	0	414	444	490	46
16	121.4447393	31.2011749	2	1	435	465	485	20
17	121.4083541	31.232899	1	0	437	467	495	28
18	121.4413154	31.1930196	1	1	444	474	490	16
19	121.4954208	31.2160635	1	2	425	455	485	30
20	121.4908827	31.231971	1	0	431	461	495	34
21	121.3192897	31.1889931	2	1	420	450	495	45
22	121.2875039	31.2109056	1	1	397	427	485	58
23	121.2840724	31.2110696	1	0	415	445	495	50
24	121.5765491	31.1682024	1	1	404	434	480	46
25	121.377957	31.0924137	1	0	432	462	495	33
26	121.4619533	31.2348615	1	1	420	450	485	35
27	121.4746643	31.1511881	1	1	445	475	495	20
28	121.5310691	31.2259637	1	0	422	452	490	38
29	121.4463608	31.2258204	2	1	432	462	490	28
30	121.3727745	31.1248782	1	0	436	466	490	24
																
DisMat:																	
0	13397.114	13552.926	8233.017	8046.874	6767.904	16424.672	7599.383	16612.675	6530.403	20670.002	12478.387	7226.495	5604.334	11854.972	15582.951	6365.279	9682.638	5144.397	11088.095	12178.431	15854.521	18601.424	19036.779	15721.365	10566.877	10734.532	6209.936	13635.664	8995.136	7910.468
12403.789	0	14738.942	14997.235	9179.462	19077.421	10173.96	19590.573	28342.595	18851.996	10620.26	17307.48	9791.209	12327.367	16446.787	26794	13129.497	12092.255	12811.568	18279.365	18013.637	5481.978	8361.571	8796.926	28042.958	11578.076	15326.347	18531.529	22314.208	13651.014	8071.559
13355.703	15563.882	0	10061.968	6410.398	14599.979	22851.38	14847.689	26225.538	17562.399	15904.507	9509.038	18605.89	17899.648	8712.639	26528.313	8390.629	3774.032	9621.638	12103.8	11109.522	15757.88	14944.934	15209.903	24232.821	21946.272	7994.732	17294.544	15410.093	6427.582	18580.942
8915.132	16445.908	9799.47	0	7296.154	6161.779	21740.307	6409.489	17787.338	8686.114	20177.69	4810.091	14640.197	13934.932	4291.277	17640.156	2949.805	7643.896	4014.9	3673.613	4510.135	18750.436	18622.242	19057.597	15480.021	17980.579	3170.837	8410.028	7718.818	3209.733	15324.17
8013.214	10311.794	6633.941	7327.041	0	11672.669	17068.472	11920.379	23147.262	13468.051	13084.916	8898.888	13099.315	12402.328	8038.195	22217.577	5437.085	2939.904	5419.229	10351.818	9605.045	12020.071	11384.299	11819.654	21724.112	16439.697	6917.755	12983.808	13905.616	5242.422	12689.647
6790.243	20017.713	15002.254	5327.65	11963.454	0	23045.271	1096.006	12046.094	4847.979	25048.37	8091.954	13970.493	12348.332	7860.107	13459.291	6586.157	12746.236	6815.372	5645.206	7345.581	22475.12	23347.753	23783.108	10411.427	17310.875	8498.487	4349.705	6867.76	8537.383	14654.466
16678.118	11406.456	22792.556	21278.08	17108.205	23351.75	0	24183.229	31260.091	22647.892	13029.466	25122.33	12708.705	15244.863	24365.007	29711.496	19410.342	20020.998	18648.892	24560.21	24822.374	11603.934	13101.919	13160.376	31838.854	13677.8	23244.567	22327.425	28774.112	21569.234	11086.06
7635.638	20863.108	16052.81	6378.206	13014.01	1138.896	23890.666	0	13115.984	5693.374	26098.926	8411.034	14815.888	13193.727	8179.187	14529.181	7636.713	13796.792	7865.928	5964.286	7664.661	23320.515	24398.309	24833.664	11098.803	18156.27	8939.797	5419.595	6555.665	9562.148	15499.861
16665.882	29362.234	26660.125	16985.521	23088.117	11996.347	31141.308	13092.353	0	12571.07	36173.033	20088.301	20593.077	17341.612	19856.454	4086.838	18244.028	24404.107	18363.583	17641.553	19341.928	31819.641	34252.921	34688.276	13169.266	21864.858	20156.358	11224.629	17789.658	20195.254	21443.563
6513.254	19778.598	18002.222	8575.39	13464.499	4831.04	22243.603	5662.519	12594.544	0	26549.415	12130.748	11609.052	9104.088	11695.415	11664.859	9800.732	14831.03	8739.965	9852.683	11553.058	22236.005	24629.303	25064.658	11703.44	14447.935	11113.705	1503.682	11698.8	11534.386	12293.133
15926.226	4670.618	16710.467	18070.939	12177.293	22416.567	11239.202	22664.277	31849.371	22374.433	0	20312.159	13297.985	15834.143	19451.466	30300.776	16203.201	15090.086	15885.272	21353.069	21018.316	2225.635	7044.895	7480.25	31565.395	14344.25	18331.026	22053.966	25318.887	16655.693	11578.335
12489.767	18375.385	10015.389	5290.069	9036.533	7845.866	24836.543	7984.772	19822.954	12111.138	21324.763	0	18214.832	17509.567	952.103	21065.18	6719.648	8211.126	7959.334	3549.119	1759.951	20679.913	20158.938	20594.293	15785.114	21555.214	2229.968	11835.052	6243.821	4101.803	18898.805
6756.757	11290.124	18424.05	13550.828	12334.108	13524.661	13069.198	14356.14	20110.953	11264.067	18944.638	17796.198	0	3546.453	17172.783	18562.358	11683.09	14791.888	10467.773	16572.241	17496.242	13747.531	16932.17	17255.107	20455.029	3941.965	16052.343	10943.6	20392.421	14312.947	2270.488
5562.315	13230.557	18115.655	13245.997	12025.713	12330.219	15009.631	13161.698	17652.45	9102.149	20885.071	17491.367	4202.994	0	16867.952	16103.855	11378.259	14483.727	10159.612	16267.41	17191.411	15687.964	18872.603	19195.54	18293.111	6101.84	15747.512	8781.682	19197.979	14008.116	5311.886
12225.528	17640.352	9217.407	5080.679	8249.308	7817.332	24397.03	7956.238	19794.42	11901.748	20435.103	860.693	17950.593	17245.328	0	20855.79	6455.409	7339.745	7695.095	4140.788	2459.503	19905.05	19269.278	19704.633	16398.851	21290.975	1340.308	11625.662	6857.558	3366.823	18634.566
15728.189	27922.443	26688.147	17268.992	22150.424	13383.598	29701.517	14479.604	4086.838	11633.377	35235.34	21029.093	19153.286	15901.821	20593.76	0	18486.657	23516.955	17425.89	18751.028	20451.403	30379.85	33315.228	33750.583	16404.639	18185.637	20012.05	10286.936	20251.358	20432.731	20003.772
6194.384	13794.923	9200.236	2469.035	5377.297	6814.663	18877.654	7062.373	18440.222	9777.083	18462.213	7024.004	11919.449	11214.184	6400.589	18742.997	0	6480.697	1775.621	5751.165	6724.048	16123.56	16761.596	17196.951	16866.106	15259.831	5280.149	9509.228	10122.499	3727.425	12603.422
10015.451	12981.669	3870.288	8338.507	3070.146	12743.004	19738.347	12990.714	24368.563	15256.611	14570.394	7992.928	15265.638	14559.396	7147.712	24006.137	6464.276	0	6776.467	10380.339	9386.061	14332.087	13610.821	13875.79	22509.36	18606.02	6293.555	14772.368	13686.632	4704.121	15333.283
5160.71	13553.056	9535.047	3132.475	5411.845	6622.661	18358.672	6870.371	18248.22	9108.563	18496.761	7854.729	10885.775	10180.51	7231.314	17858.089	1465.206	6778.376	0	6154.772	7554.773	15881.693	16614.197	17049.552	16674.104	14226.157	6110.874	8624.32	10851.293	4371.478	11569.748
11167.444	19185.208	12536.881	3744.311	10258.211	5406.136	24267.939	5545.042	17383.224	9996.484	23139.747	3528.666	17056.8	16351.535	4210.983	18796.421	5390.285	10381.307	6171.025	0	2085.85	21513.845	21584.299	22019.654	13184.405	20397.182	5092.016	9686.835	5445.011	5719.875	17740.773
12208.503	18985.751	11559.711	5008.805	9646.899	7163.426	24555.279	7302.332	19140.514	11753.774	22357.872	1695.626	17933.568	17228.303	2538.351	20553.711	6438.384	9404.137	7678.07	2369.185	0	21290.279	20972.987	21408.342	14799.009	21273.95	3679.39	11444.125	5950.135	4742.705	18617.541
15742.473	3338.684	14484.832	17578.866	10814.419	21924.494	13291.618	22172.204	31681.279	22190.68	9518.992	19342.735	13129.893	15666.051	18482.042	30132.684	15688.91	13160.814	15437.924	20603.643	20048.892	0	6836.895	7272.25	31381.642	14916.76	17361.602	21870.213	24349.463	15686.269	11410.243
18547.171	6464.491	14900.122	18696.239	11369.198	23041.867	12788.324	23289.577	34115.397	24436.186	6011.477	19980.674	16252.586	18788.744	19135.458	33185.712	16806.283	13578.763	16673.1	21721.016	20974.243	5309.591	0	435.355	32813.824	17374.7	18086.086	23951.943	25274.814	16411.368	14532.936
18982.526	6899.846	15154.523	19131.594	11804.553	23477.222	12846.781	23724.932	34550.752	24871.541	6069.934	20416.029	16687.941	19224.099	19570.813	33621.067	17241.638	13833.164	17108.455	22156.371	21409.598	5740.1	435.355	0	33249.179	17777.879	18521.441	24387.298	25710.169	16846.723	14968.291
15752.098	29017.442	24645.625	15220.18	21744.311	10391.181	31482.447	11190.239	13178.113	11657.286	34829.227	15747.77	20847.896	18342.932	16430.087	16333.12	16638.862	22490.051	16868.077	12745.999	14510.647	31474.849	32909.115	33344.47	0	22988.545	17206.268	10310.845	9982.54	17828.619	21531.977
10475.74	12559.62	22142.799	17273.141	16052.857	17243.644	13587.687	18075.123	21499.06	14328.995	19463.127	21518.511	3743.073	6099.889	20895.096	18217.105	15405.403	18510.871	14186.756	20294.554	21218.555	14785.013	17502.55	17773.596	22932.359	0	19774.656	14008.528	24111.404	18035.26	4401.711
10945.151	16419.832	8598.377	3834.032	7080.98	7971.753	23176.51	8110.659	19948.841	10655.101	19538.161	1981.133	16670.216	15964.951	1120.44	19609.143	5175.032	6442.803	6414.718	4694.644	3565.324	18724.36	18372.336	18807.691	16823.665	20010.598	0	10379.015	7886.115	2146.25	17354.189
5913.162	19178.506	17513.826	8156.58	12976.103	4311.138	21643.511	5369.71	11479.135	1460.52	26061.019	11857.238	11008.96	8503.996	11421.905	10549.45	9312.336	14342.634	8251.569	9579.173	11279.548	21635.913	24140.907	24576.262	10588.031	13847.843	10840.195	0	11178.898	11260.876	11693.041
14138.081	22958.265	15922.055	8416.076	13808.511	7416.844	28465.123	7476.267	17524.085	12195.817	26690.047	6730.098	21318.331	19696.17	7007.287	20433.368	10062.05	13766.481	11127.145	5993.546	5325.468	25262.793	25134.599	25569.954	9983.419	24658.713	8148.326	11612.649	0	9105.049	22002.304
9049.373	14537.099	6926.924	3901.894	5198.247	8439.905	21293.777	8687.615	20065.464	11402.325	17749.013	3929.769	14774.438	14069.173	3069.076	20368.239	3288.774	4771.35	4528.46	5730.556	4736.278	16841.627	16524.335	16959.69	17859.577	18114.82	1948.636	11134.47	9036.849	0	15458.411
8100.231	9045.99	18385.739	14897.632	12454.494	14868.135	10825.064	15699.614	20727.907	12607.307	16700.504	19143.002	1744.766	4712.679	18519.587	19179.312	13029.894	15141.984	11811.247	17919.045	18843.046	11503.397	14688.036	15010.973	21798.269	4381.381	17399.147	12286.84	21735.895	15659.751	0
