RequestsNum:								
51								
Requests and depot info:								
ID	Loc_x	Loc_y	RdrNum	LugNum	EarTime	LatTime	DDL_Arr	TUB
0	121.430649	31.15344	0	0	0	1440	1440	1440
1	121.3272287	31.1807562	1	1	422	452	485	33
2	121.4048637	31.2609823	1	0	418	448	485	37
3	121.4624585	31.2091887	2	1	440	470	495	25
4	121.399733	31.2128983	1	0	441	471	495	24
5	121.490314	31.1804742	1	1	428	458	480	22
6	121.283182	31.1264508	1	2	413	443	485	42
7	121.4866696	31.188197	1	0	435	465	490	25
8	121.5437087	31.0883148	2	1	411	441	490	49
9	121.4617571	31.1516053	1	1	442	472	490	18
10	121.3026158	31.1959028	1	0	419	449	495	46
11	121.480053	31.2405607	1	1	426	456	490	34
12	121.3821244	31.118829	1	0	439	469	490	21
13	121.409281	31.1216839	1	1	449	479	495	16
14	121.4719051	31.2393778	1	1	423	453	485	32
15	121.5103684	31.0725258	1	0	414	444	490	46
16	121.4447393	31.2011749	2	1	435	465	485	20
17	121.4083541	31.232899	1	0	437	467	495	28
18	121.4413154	31.1930196	1	1	444	474	490	16
19	121.4954208	31.2160635	1	2	425	455	485	30
20	121.4908827	31.231971	1	0	431	461	495	34
21	121.3192897	31.1889931	2	1	420	450	495	45
22	121.2875039	31.2109056	1	1	397	427	485	58
23	121.2840724	31.2110696	1	0	415	445	495	50
24	121.5765491	31.1682024	1	1	404	434	480	46
25	121.377957	31.0924137	1	0	432	462	495	33
26	121.4619533	31.2348615	1	1	420	450	485	35
27	121.4746643	31.1511881	1	1	445	475	495	20
28	121.5310691	31.2259637	1	0	422	452	490	38
29	121.4463608	31.2258204	2	1	432	462	490	28
30	121.3727745	31.1248782	1	0	436	466	490	24
31	121.4030745	31.0530611	1	1	426	456	495	39
32	121.3689449	31.1195609	1	2	433	463	485	22
33	121.3037844	31.2589676	1	0	387	417	480	63
34	121.4594048	31.2357853	2	1	418	448	480	32
35	121.4515345	31.1805029	1	1	445	475	490	15
36	121.4256615	31.0326547	1	0	417	447	495	48
37	121.2754001	31.2044939	1	1	412	442	495	53
38	121.4565272	31.1461522	1	0	428	458	480	22
39	121.4169418	31.2211811	1	1	437	467	495	28
40	121.5191731	31.1897046	1	1	419	449	480	31
41	121.3908846	31.0613488	1	0	412	442	480	38
42	121.4938402	31.2134061	2	1	429	459	490	31
43	121.4535276	31.206936	1	0	425	455	480	25
44	121.3536749	31.2401484	1	1	421	451	490	39
45	121.2924082	31.1438959	1	2	404	434	485	51
46	121.5252888	31.2275481	1	0	425	455	495	40
47	121.4093623	31.2238276	2	1	429	459	485	26
48	121.2756663	31.0449739	1	1	397	427	480	53
49	121.5369869	31.2440866	1	0	406	436	485	49
50	121.486964	31.2350991	1	1	432	462	495	33

DisMat:																
0	13397.114	13552.926	8233.017	8046.874	6767.904	16424.672	7599.383	16612.675	6530.403	20670.002	12478.387	7226.495	5604.334	11854.972	15582.951	6365.279	9682.638	5144.397	11088.095	12178.431	15854.521	18601.424	19036.779	15721.365	10566.877	10734.532	6209.936	13635.664	8995.136	7910.468	14309.653	8054.86	20375.185	10714.328	4440.105	16576.981	19071.181	6768.675	8559.435	9919.111	13898.094	10553.084	7318.517	14472.452	16204.075	13602.944	8634.669	21276.952	16295.125	12138.964
12403.789	0	14738.942	14997.235	9179.462	19077.421	10173.96	19590.573	28342.595	18851.996	10620.26	17307.48	9791.209	12327.367	16446.787	26794	13129.497	12092.255	12811.568	18279.365	18013.637	5481.978	8361.571	8796.926	28042.958	11578.076	15326.347	18531.529	22314.208	13651.014	8071.559	16000.16	7907.661	13047.275	15306.143	14446.944	20264.058	8604.238	19090.268	11262.699	21996.894	15411.589	18002.193	14012.197	10902.245	8937.359	21961.739	11337.933	19938.064	22910.91	17628.973
13355.703	15563.882	0	10061.968	6410.398	14599.979	22851.38	14847.689	26225.538	17562.399	15904.507	9509.038	18605.89	17899.648	8712.639	26528.313	8390.629	3774.032	9621.638	12103.8	11109.522	15757.88	14944.934	15209.903	24232.821	21946.272	7994.732	17294.544	15410.093	6427.582	18580.942	26368.356	19434.363	11133.84	7658.322	11048.322	29039.092	16317.286	18408.991	5559.197	16604.305	25779.785	12141.211	8868.408	6524.515	21967.749	15057.624	4822.001	32615.484	15975.418	10683.04
8915.132	16445.908	9799.47	0	7296.154	6161.779	21740.307	6409.489	17787.338	8686.114	20177.69	4810.091	14640.197	13934.932	4291.277	17640.156	2949.805	7643.896	4014.9	3673.613	4510.135	18750.436	18622.242	19057.597	15480.021	17980.579	3170.837	8410.028	7718.818	3209.733	15324.17	22402.663	15468.562	18879.774	3150.633	4817.123	24908.872	20164.98	9532.706	5830.936	7851.505	21814.092	3540.308	2281.83	13135.75	21097.959	7366.349	6844.101	28690.654	9015.474	4470.668
8013.214	10311.794	6633.941	7327.041	0	11672.669	17068.472	11920.379	23147.262	13468.051	13084.916	8898.888	13099.315	12402.328	8038.195	22217.577	5437.085	2939.904	5419.229	10351.818	9605.045	12020.071	11384.299	11819.654	21724.112	16439.697	6917.755	12983.808	13905.616	5242.422	12689.647	20861.781	13727.015	12790.099	6836.01	8051.634	23541.772	12927.037	14314.643	2332.99	14326.7	20273.21	10218.513	5915.953	6425.578	16087.523	13553.147	2275.594	26832.576	14508.016	9226.457
6790.243	20017.713	15002.254	5327.65	11963.454	0	23045.271	1096.006	12046.094	4847.979	25048.37	8091.954	13970.493	12348.332	7860.107	13459.291	6586.157	12746.236	6815.372	5645.206	7345.581	22475.12	23347.753	23783.108	10411.427	17310.875	8498.487	4349.705	6867.76	8537.383	14654.466	20867.922	14798.858	24082.558	8478.283	6091.772	22388.998	24890.491	5694.571	10883.197	3151.207	20456.363	5110.195	6046.119	18238.09	22824.674	6835.04	11896.362	28020.95	9527.221	7752.531
16678.118	11406.456	22792.556	21278.08	17108.205	23351.75	0	24183.229	31260.091	22647.892	13029.466	25122.33	12708.705	15244.863	24365.007	29711.496	19410.342	20020.998	18648.892	24560.21	24822.374	11603.934	13101.919	13160.376	31838.854	13677.8	23244.567	22327.425	28774.112	21569.234	11086.06	18917.656	10825.157	19905.885	23224.363	18721.273	23181.554	12052.993	22886.164	19191.442	26502.957	17040.212	24283.038	20293.042	18955.859	3981.318	28421.643	19266.676	11544.216	30024.712	24782.907
7635.638	20863.108	16052.81	6378.206	13014.01	1138.896	23890.666	0	13115.984	5693.374	26098.926	8411.034	14815.888	13193.727	8179.187	14529.181	7636.713	13796.792	7865.928	5964.286	7664.661	23320.515	24398.309	24833.664	11098.803	18156.27	8939.797	5419.595	6555.665	9562.148	15499.861	21713.317	15644.253	25133.114	8967.981	6937.167	23234.393	25941.047	6539.966	11933.753	3470.287	21301.758	5429.275	7096.675	19288.646	23670.069	6522.945	12946.918	28866.345	9215.126	8071.611
16665.882	29362.234	26660.125	16985.521	23088.117	11996.347	31141.308	13092.353	0	12571.07	36173.033	20088.301	20593.077	17341.612	19856.454	4086.838	18244.028	24404.107	18363.583	17641.553	19341.928	31819.641	34252.921	34688.276	13169.266	21864.858	20156.358	11224.629	17789.658	20195.254	21443.563	16808.997	20622.941	35740.429	20136.154	16540.943	15553.852	35000.726	12809.342	22541.068	13373.414	19140.225	17106.542	17703.99	29513.695	30958.84	18166.962	23406.679	31353.839	20335.373	19748.878
6513.254	19778.598	18002.222	8575.39	13464.499	4831.04	22243.603	5662.519	12594.544	0	26549.415	12130.748	11609.052	9104.088	11695.415	11664.859	9800.732	14831.03	8739.965	9852.683	11553.058	22236.005	24629.303	25064.658	11703.44	14447.935	11113.705	1503.682	11698.8	11534.386	12293.133	17504.678	12437.525	26254.598	11141.889	6917.325	19772.006	25452.665	846.592	13419.644	7982.247	17093.119	9317.672	9293.859	19890.077	22061.135	11666.08	13783.061	25659.509	14358.261	11791.325
15926.226	4670.618	16710.467	18070.939	12177.293	22416.567	11239.202	22664.277	31849.371	22374.433	0	20312.159	13297.985	15834.143	19451.466	30300.776	16203.201	15090.086	15885.272	21353.069	21018.316	2225.635	7044.895	7480.25	31565.395	14344.25	18331.026	22053.966	25318.887	16655.693	11578.335	19506.936	11414.437	12122.346	18310.822	17969.381	23770.834	7758.969	22612.705	14260.53	25070.598	17887.516	21075.897	17085.901	11660.602	9840.414	24966.418	14335.764	21003.306	25921.287	20639.728
12489.767	18375.385	10015.389	5290.069	9036.533	7845.866	24836.543	7984.772	19822.954	12111.138	21324.763	0	18214.832	17509.567	952.103	21065.18	6719.648	8211.126	7959.334	3549.119	1759.951	20679.913	20158.938	20594.293	15785.114	21555.214	2229.968	11835.052	6243.821	4101.803	18898.805	25977.298	19043.197	19424.409	2258.152	8803.361	28649.011	21701.676	12957.73	6848.244	9004.74	25388.727	3587.076	5993.239	13702.98	24151.114	5891.352	7861.409	32265.289	7145.588	1286.326
6756.757	11290.124	18424.05	13550.828	12334.108	13524.661	13069.198	14356.14	20110.953	11264.067	18944.638	17796.198	0	3546.453	17172.783	18562.358	11683.09	14791.888	10467.773	16572.241	17496.242	13747.531	16932.17	17255.107	20455.029	3941.965	16052.343	10943.6	20392.421	14312.947	2270.488	8364.049	2550.831	21192.021	16032.139	10322.109	11524.178	16928.616	11502.339	13858.276	16675.868	7775.478	16037.23	12636.328	16110.789	12886.73	20359.701	13933.51	14990.212	22414.054	17456.775
5562.315	13230.557	18115.655	13245.997	12025.713	12330.219	15009.631	13161.698	17652.45	9102.149	20885.071	17491.367	4202.994	0	16867.952	16103.855	11378.259	14483.727	10159.612	16267.41	17191.411	15687.964	18872.603	19195.54	18293.111	6101.84	15747.512	8781.682	19197.979	14008.116	5311.886	10241.268	4491.264	21932.854	15727.308	10002.42	12864.902	18869.049	9340.421	13550.115	15481.426	9829.709	15732.399	12331.497	16383.405	14827.163	19165.259	13625.349	17831.922	21857.44	17151.944
12225.528	17640.352	9217.407	5080.679	8249.308	7817.332	24397.03	7956.238	19794.42	11901.748	20435.103	860.693	17950.593	17245.328	0	20855.79	6455.409	7339.745	7695.095	4140.788	2459.503	19905.05	19269.278	19704.633	16398.851	21290.975	1340.308	11625.662	6857.558	3366.823	18634.566	25713.059	18778.958	18575.623	1368.492	8593.971	28384.772	20812.016	12748.34	5958.584	9040.728	25124.488	4178.745	5729	12831.599	23416.081	6505.089	6971.749	32001.05	7423.5	1985.878
15728.189	27922.443	26688.147	17268.992	22150.424	13383.598	29701.517	14479.604	4086.838	11633.377	35235.34	21029.093	19153.286	15901.821	20593.76	0	18486.657	23516.955	17425.89	18751.028	20451.403	30379.85	33315.228	33750.583	16404.639	18185.637	20012.05	10286.936	20251.358	20432.731	20003.772	12794.497	19183.15	34940.523	20040.234	15603.25	11539.352	33560.935	11871.649	22105.569	16168.667	15125.725	18216.017	17987.461	28576.002	29519.049	20218.638	22468.986	27339.339	22910.819	20689.67
6194.384	13794.923	9200.236	2469.035	5377.297	6814.663	18877.654	7062.373	18440.222	9777.083	18462.213	7024.004	11919.449	11214.184	6400.589	18742.997	0	6480.697	1775.621	5751.165	6724.048	16123.56	16761.596	17196.951	16866.106	15259.831	5280.149	9509.228	10122.499	3727.425	12603.422	19681.915	12747.814	18094.237	5259.945	3193.628	22353.628	18304.334	10623.675	4617.658	9468.694	19093.344	5473.993	1641.429	11802.875	18235.306	9770.03	5630.823	25969.906	11419.155	6684.581
10015.451	12981.669	3870.288	8338.507	3070.146	12743.004	19738.347	12990.714	24368.563	15256.611	14570.394	7992.928	15265.638	14559.396	7147.712	24006.137	6464.276	0	6776.467	10380.339	9386.061	14332.087	13610.821	13875.79	22509.36	18606.02	6293.555	14772.368	13686.632	4704.121	15333.283	23028.104	16094.111	11920.973	5960.254	9121.969	25698.84	14983.173	16103.203	2097.008	14880.844	22439.533	10417.75	6942.055	5520.07	18757.398	13334.163	1047.969	29316.095	14251.957	8970.398
5160.71	13553.056	9535.047	3132.475	5411.845	6622.661	18358.672	6870.371	18248.22	9108.563	18496.761	7854.729	10885.775	10180.51	7231.314	17858.089	1465.206	6778.376	0	6154.772	7554.773	15881.693	16614.197	17049.552	16674.104	14226.157	6110.874	8624.32	10851.293	4371.478	11569.748	18648.241	11714.14	18201.944	6090.67	2874.347	21281.141	18156.935	9955.155	4952.469	9423.601	18059.67	5751.504	2505.338	11837.423	17716.324	10498.824	5730.407	24936.232	12147.949	7515.306
11167.444	19185.208	12536.881	3744.311	10258.211	5406.136	24267.939	5545.042	17383.224	9996.484	23139.747	3528.666	17056.8	16351.535	4210.983	18796.421	5390.285	10381.307	6171.025	0	2085.85	21513.845	21584.299	22019.654	13184.405	20397.182	5092.016	9686.835	5445.011	5719.875	17740.773	24819.266	17885.165	21617.185	5120.2	6674.45	26766.199	23127.037	10843.076	8792.993	6331.17	24230.695	913.506	4726.105	15873.161	23625.591	5092.542	9806.158	31107.257	6741.465	2625.302
12208.503	18985.751	11559.711	5008.805	9646.899	7163.426	24555.279	7302.332	19140.514	11753.774	22357.872	1695.626	17933.568	17228.303	2538.351	20553.711	6438.384	9404.137	7678.07	2369.185	0	21290.279	20972.987	21408.342	14799.009	21273.95	3679.39	11444.125	5950.135	4742.705	18617.541	25696.034	18761.933	20640.015	3707.574	8431.74	28367.747	22515.725	12600.366	7881.353	7945.774	25107.463	2670.796	5711.975	14895.991	23912.931	5597.666	8894.518	31984.025	6851.902	539.452
15742.473	3338.684	14484.832	17578.866	10814.419	21924.494	13291.618	22172.204	31681.279	22190.68	9518.992	19342.735	13129.893	15666.051	18482.042	30132.684	15688.91	13160.814	15437.924	20603.643	20048.892	0	6836.895	7272.25	31381.642	14916.76	17361.602	21870.213	24349.463	15686.269	11410.243	19338.844	11246.345	10250.132	17315.303	17785.628	23602.742	7335.227	22428.952	12812.283	24578.525	18750.273	20470.338	16167.778	9434.967	11817.906	23996.994	12754.887	23055.722	24951.863	19670.304
18547.171	6464.491	14900.122	18696.239	11369.198	23041.867	12788.324	23289.577	34115.397	24436.186	6011.477	19980.674	16252.586	18788.744	19135.458	33185.712	16806.283	13578.763	16673.1	21721.016	20974.243	5309.591	0	435.355	32813.824	17374.7	18086.086	23951.943	25274.814	16411.368	14532.936	22461.537	14369.038	7372.517	17789.337	19078.041	26725.435	1542.738	25233.65	13286.317	25695.898	20917.966	21587.711	17285.151	9733.283	10163.809	24922.345	13228.921	22247.465	25877.214	20595.655
18982.526	6899.846	15154.523	19131.594	11804.553	23477.222	12846.781	23724.932	34550.752	24871.541	6069.934	20416.029	16687.941	19224.099	19570.813	33621.067	17241.638	13833.164	17108.455	22156.371	21409.598	5740.1	435.355	0	33249.179	17777.879	18521.441	24387.298	25710.169	16846.723	14968.291	22896.892	14804.393	7626.918	18224.692	19513.396	27160.79	1107.383	25669.005	13721.672	26131.253	21321.145	22023.066	17720.506	9987.684	10222.266	25357.7	13664.276	22305.922	26312.569	21031.01
15752.098	29017.442	24645.625	15220.18	21744.311	10391.181	31482.447	11190.239	13178.113	11657.286	34829.227	15747.77	20847.896	18342.932	16430.087	16333.12	16638.862	22490.051	16868.077	12745.999	14510.647	31474.849	32909.115	33344.47	0	22988.545	17206.268	10310.845	9982.54	17828.619	21531.977	25866.129	21676.369	33725.929	17234.452	15197.137	27049.572	34451.853	11895.558	20870.928	7629.221	25454.57	12889.32	16098.824	27981.905	31299.979	10531.349	21884.093	34898.353	11855.728	15050.099
10475.74	12559.62	22142.799	17273.141	16052.857	17243.644	13587.687	18075.123	21499.06	14328.995	19463.127	21518.511	3743.073	6099.889	20895.096	18217.105	15405.403	18510.871	14186.756	20294.554	21218.555	14785.013	17502.55	17773.596	22932.359	0	19774.656	14008.528	24111.404	18035.26	4401.711	5538.904	3820.327	22580.001	19754.452	14041.092	9903.7	17447.105	14567.267	17577.259	20394.851	3833.513	19759.543	16358.641	19168.221	13405.219	24078.684	17652.493	12794.945	26136.367	21179.088
10945.151	16419.832	8598.377	3834.032	7080.98	7971.753	23176.51	8110.659	19948.841	10655.101	19538.161	1981.133	16670.216	15964.951	1120.44	19609.143	5175.032	6442.803	6414.718	4694.644	3565.324	18724.36	18372.336	18807.691	16823.665	20010.598	0	10379.015	7886.115	2146.25	17354.189	24432.682	17498.581	17678.681	471.55	7347.324	27104.395	19915.074	11501.693	5061.642	9195.149	23844.111	4732.055	4448.623	11934.657	22195.561	7533.646	6074.807	30720.673	8415.841	3091.699
5913.162	19178.506	17513.826	8156.58	12976.103	4311.138	21643.511	5369.71	11479.135	1460.52	26061.019	11857.238	11008.96	8503.996	11421.905	10549.45	9312.336	14342.634	8251.569	9579.173	11279.548	21635.913	24140.907	24576.262	10588.031	13847.843	10840.195	0	11178.898	11260.876	11693.041	16904.586	11837.433	25766.202	10868.379	6428.929	19171.914	24852.573	2056.622	12931.248	7263.312	16493.027	9044.162	8875.049	19401.681	21461.043	11146.178	13294.665	25059.417	13838.359	11517.815
14138.081	22958.265	15922.055	8416.076	13808.511	7416.844	28465.123	7476.267	17524.085	12195.817	26690.047	6730.098	21318.331	19696.17	7007.287	20433.368	10062.05	13766.481	11127.145	5993.546	5325.468	25262.793	25134.599	25569.954	9983.419	24658.713	8148.326	11612.649	0	9105.049	22002.304	28215.76	22146.696	25002.359	8176.51	11902.658	29736.836	26677.337	13042.409	12243.697	4428.766	27804.201	6295.157	9397.87	19258.335	27822.775	833.768	13256.862	35368.788	2777.28	5864.92
9049.373	14537.099	6926.924	3901.894	5198.247	8439.905	21293.777	8687.615	20065.464	11402.325	17749.013	3929.769	14774.438	14069.173	3069.076	20368.239	3288.774	4771.35	4528.46	5730.556	4736.278	16841.627	16524.335	16959.69	17859.577	18114.82	1948.636	11134.47	9036.849	0	15458.411	22536.904	15602.803	16007.228	1928.432	5946.467	25208.617	18067.073	12248.917	3272.494	10231.061	21948.333	5767.967	3007.762	10263.204	20312.828	8684.38	4285.659	28824.895	9602.174	4320.615
8100.231	9045.99	18385.739	14897.632	12454.494	14868.135	10825.064	15699.614	20727.907	12607.307	16700.504	19143.002	1744.766	4712.679	18519.587	19179.312	13029.894	15141.984	11811.247	17919.045	18843.046	11503.397	14688.036	15010.973	21798.269	4381.381	17399.147	12286.84	21735.895	15659.751	0	8803.465	1066.5	19068.694	17378.943	11665.583	12649.37	14684.482	12845.579	14306.551	18019.342	8214.894	17384.034	13983.132	14786.65	10642.596	21703.175	14381.785	14368.22	23760.858	18803.579
14252.663	16981.331	26564.51	21694.852	20474.568	20770.509	18760.405	21601.988	16803.644	17535.982	24635.845	25940.222	8164.784	10225.72	25316.807	12796.415	19827.114	22932.582	18608.467	24716.265	25640.266	19438.738	22623.377	22946.314	25829.117	5550.737	24196.367	17215.515	27638.269	22456.971	8823.422	0	8242.038	27004.035	24176.163	18462.803	4364.796	22619.823	17774.254	21998.97	23921.716	2400.066	24181.254	20780.352	23589.932	18577.937	27605.549	22074.204	14613.68	30297.73	25600.799
7940.209	8891.515	19338.443	14734.28	13407.198	14708.113	10670.589	15539.592	20448.227	12447.707	16546.029	18979.65	1883.548	4432.999	18356.235	18899.632	12866.542	15975.34	11651.225	17755.693	18679.694	11348.922	14533.561	14856.498	21638.669	3670.415	17235.795	12127.24	21575.873	15496.399	972.844	8092.499	0	18914.219	17215.591	11505.561	12369.69	14530.007	12685.979	15041.728	17859.32	7503.928	17220.682	13819.78	15739.354	10488.121	21543.153	15116.962	13502.299	23597.506	18640.227
20455.781	11164.057	11328.979	19494.029	12854.485	24032.04	19610.857	24279.75	35657.599	26263.543	8371.655	19148.45	20670.726	22029.564	18303.234	35013.069	17822.69	11905.553	18273.714	21535.861	20541.583	10597.29	7448.752	7713.721	33664.882	22715.905	17449.077	25779.3	24842.154	15859.643	19150.505	27161.103	19068.604	0	17115.776	20480.383	30467.275	8821.104	27110.135	14002.561	26036.366	26259.171	21573.272	18300.469	6742.624	17327.112	24489.685	12953.522	29374.961	25407.479	20125.92
10960.283	16271.86	8126.827	4197.521	6880.816	8345.231	23028.538	8484.137	20322.319	11018.59	19066.611	2191.337	16685.348	15980.083	1346.121	19972.632	5190.164	5971.253	6429.85	5068.122	3790.147	18536.558	17900.786	18336.141	17197.143	20025.73	373.478	10742.504	8188.202	1998.331	17369.321	24447.814	17513.713	17207.131	0	7596.891	27119.527	19443.524	11865.182	4590.092	9568.627	23859.243	5105.533	4463.755	11463.107	22047.589	7835.733	5603.257	30735.805	8754.144	3316.522
5307.383	15375.696	11084.897	4278.138	7234.485	5874.032	18904.459	6121.742	17499.591	7896.767	20319.401	9088.229	11226.785	10521.52	8569.415	16646.293	2913.022	8365.358	1822.64	7004.751	8705.126	17704.333	18436.837	18872.192	15925.475	14567.167	7448.975	7412.524	11749.21	5921.328	11910.758	18989.251	12055.15	19978.898	7428.771	0	20906.138	19979.575	8743.359	6502.319	8839.643	18400.68	6469.74	3905.597	13660.063	18683.862	11396.741	7515.484	25277.242	13045.664	8748.806
16855.757	21386.227	29065.926	24192.704	22975.984	23373.603	23165.301	24205.082	21083.761	20139.076	29040.741	28438.074	11358.89	12699.376	27814.659	20868.441	22324.966	25433.764	21109.649	27214.117	28138.118	23843.634	27028.273	27351.21	28467.47	10088.255	26694.219	19818.609	30241.363	24954.823	12701.092	8072.026	12646.934	30353.886	26674.015	20963.985	0	27024.719	20377.348	24500.152	26524.81	8485.329	26679.106	23278.204	26144.001	22982.833	30208.643	24575.386	18910.768	32900.824	28098.651
19008.629	7296.302	16261.906	20238.977	12911.936	24584.605	11739.398	24832.315	34941.499	25456.836	4962.551	21523.412	16390.113	18926.271	20678.196	33392.904	18349.021	14940.547	18215.838	23263.754	22516.981	5398.599	1542.738	1107.383	34356.562	17436.378	19628.824	25136.369	26817.552	17954.106	14670.463	22599.064	14506.565	8734.301	19332.075	20620.779	26862.962	0	25695.108	14829.055	27238.636	20979.644	23130.449	18827.889	11095.067	9114.883	26465.083	14771.659	21198.539	27419.952	22138.393
6822.193	20087.537	18839.828	9412.996	14302.105	5668.646	22552.542	6500.125	12809.653	853.6	27387.021	12968.354	11917.991	9413.027	12533.021	11879.968	10638.338	15668.636	9577.571	10690.289	12390.664	22544.944	25291.847	25727.202	11918.549	14756.874	11951.311	2341.288	12536.406	12371.992	12602.072	17813.617	12746.464	27092.204	11979.495	7754.931	20080.945	25761.604	0	14257.25	8819.853	17402.058	10155.278	10131.465	20727.683	22370.074	12503.686	14620.667	25968.448	15195.867	12628.931
8732.59	12237.289	5739.453	6518.722	2325.766	10864.35	18993.967	11112.06	22489.909	13391.656	14511.561	6752.776	14348.004	13641.762	5907.56	22141.182	4585.622	2096.176	4911.512	8843.138	7848.86	13981.508	13345.736	13781.091	20915.793	17688.386	4858.188	12907.413	12149.431	3183.47	14466.016	22110.47	15176.477	14017.149	4561.439	7243.315	24781.206	14888.474	14238.248	0	13343.643	21521.899	8880.549	5063.401	7616.246	18013.018	11796.962	1048.207	28398.461	12714.756	7433.197
10050.642	22935.162	17138.009	7712.564	14530.188	3338.77	26305.67	3744.16	13097.09	8117.743	27615.104	9169.889	17230.892	15598.881	8938.042	16006.373	9152.891	14982.435	9382.106	6289.215	8053.863	25263.799	25914.487	26349.842	7628.516	20571.274	9698.652	7185.654	4540.116	10321.003	17914.865	23999.471	18059.257	26218.313	9726.836	8778.409	25568.18	27457.225	8964.335	13363.312	0	23587.912	6188.13	8612.853	20474.289	26085.073	4938.958	14376.477	31281.349	7085.831	8593.315
13842.724	16393.879	25977.058	21107.4	19887.116	20360.57	17131.582	21192.049	19188.564	17126.043	23007.022	25352.77	7577.332	9815.781	24729.355	15181.335	19239.662	22345.13	18021.015	24128.813	25052.814	18322.382	21046.445	21317.491	25419.178	3840.553	23608.915	16805.576	27228.33	21869.519	8235.97	2384.92	7654.586	26123.896	23588.711	17875.351	6749.716	20991	17364.315	21411.518	23511.777	0	23593.802	20192.9	23002.48	16949.114	27195.61	21486.752	13563.73	29887.791	25013.347
10445.592	19115.805	12709.769	3674.908	10431.099	4684.284	24094.481	4823.19	16661.372	9274.632	23312.635	3702.553	16518.389	15813.124	4384.87	18074.569	5320.882	10554.195	5751.504	779.009	2619.497	21444.442	21757.187	22192.542	13074.748	19858.771	5264.904	8964.983	5793.442	5892.763	17202.362	24280.855	17346.754	21790.073	5293.088	5952.598	26044.347	23299.925	10121.224	8965.881	5907.68	23692.284	0	4656.702	16046.049	23467.828	5440.973	9979.046	30568.846	7089.896	3158.949
8036.096	15686.043	9039.605	1613.046	6536.289	6151.057	20861.271	6398.767	17776.616	9113.477	19417.825	5565.232	13761.161	13055.896	4941.817	18079.391	2082.168	6884.031	3179.622	4435.865	5265.276	17990.571	17862.377	18297.732	16202.5	17101.543	3821.377	8845.622	8481.07	2625.473	14445.134	21523.627	14589.526	18119.909	3801.173	4237.889	24195.34	19405.115	9960.069	5071.071	8612.705	20935.056	4302.56	0	12375.885	20218.923	8128.601	6084.236	27811.618	9777.726	5225.809
14194.192	10214.575	6640.237	13508.019	6180.978	17853.647	18509.068	18101.357	29328.24	19649.029	10532.974	13486.951	15300.901	16176.624	12641.735	28398.555	11618.063	5494.023	11600.207	15874.362	14880.084	10408.573	9573.401	9838.37	27905.09	18641.283	11787.578	19164.786	19180.655	10198.144	14560.559	23063.367	15597.927	6752.226	11454.277	14232.612	26131.716	10945.753	20495.621	7591.031	20374.867	22474.796	15911.773	12096.931	0	17563.236	18828.186	6541.992	28273.172	19745.98	14464.421
16212.281	9105.575	20909.5	20321.688	15140.386	22885.913	3693.856	23717.392	30891.259	22182.055	10322.679	23268.404	12339.873	14876.031	22407.711	29342.664	18453.95	18053.179	17692.5	23603.818	23865.982	9382.671	10395.132	10453.589	31373.017	13386.138	21287.271	21861.588	27817.72	19611.938	10620.223	18548.824	10456.325	17463.455	21267.067	18255.436	22812.722	9346.206	22420.327	17223.623	26037.12	16929.404	23326.646	19336.65	17072.803	0	27465.251	17298.857	14102.742	28871.834	23589.897
13787.344	22592.518	15556.308	8050.329	13442.764	7066.107	28099.376	7125.53	17966.425	11845.08	26324.3	6364.351	20967.594	19345.433	6641.54	20456.392	9696.303	13400.734	10761.398	5627.799	4959.721	24897.046	24768.852	25204.207	10638.709	24307.976	7782.579	11346.806	778.793	8739.302	21651.567	27865.023	21795.959	24636.612	7810.763	11536.911	29386.099	26311.59	12691.672	11877.95	4886.156	27453.464	5929.41	9032.123	18892.588	27457.028	0	12891.115	35018.051	3026.662	5499.173
9002.049	12121.396	4918.257	7509.342	2209.873	11854.97	18878.074	12102.68	23480.529	14208.642	14395.668	7743.396	14248.638	13542.396	6898.18	22958.168	5576.242	1047.969	5728.498	9833.758	8839.48	13865.615	13229.843	13665.198	21906.413	17589.02	5848.808	13724.399	13140.051	4174.09	14350.123	22011.104	15077.111	12968.942	5552.059	8233.935	24681.84	14772.581	15055.234	1049.039	14334.263	21422.533	9871.169	6054.021	6568.039	17897.125	12787.582	0	28299.095	13705.376	8423.817
21173.632	20318.551	31704.651	27967.703	26020.3	27941.536	10511.263	28773.015	31380.568	25680.942	21941.561	32213.073	14416.875	17819.001	31589.658	27373.339	26099.965	28933.093	24884.648	30989.116	31913.117	20516.029	22014.014	22072.471	34871.904	12847.889	30469.218	25360.475	34809.296	28729.822	14317.985	14576.924	13399.295	28817.98	30449.014	24738.984	18716.564	20965.088	25919.214	28103.537	31092.743	13568.943	30454.105	27053.203	27867.954	12893.413	34776.576	28178.771	0	36830.929	31873.65
16453.005	23852.456	16426.416	9806.937	14513.604	9731.768	29855.984	9742.24	20119.366	14510.741	27224.577	7379.906	23132.718	22011.094	7397.437	23028.649	11452.911	14270.842	12518.006	7384.407	6716.329	26156.984	25839.692	26275.047	11411.631	26473.1	8538.476	14012.467	2797.122	9609.41	23816.691	30530.684	23961.083	25506.72	8566.66	13293.519	32051.76	27382.43	15357.333	12748.058	7024.047	30119.125	7686.018	10788.731	19762.696	29213.636	2973.811	13761.223	37183.175	0	7255.781
12175.895	18506.74	11080.7	4976.197	9167.888	7531.994	24522.671	7670.9	19509.082	11797.266	21878.861	1232.557	17900.96	17195.695	2061.34	20751.308	6405.776	8925.126	7645.462	3054.523	873.914	20811.268	20493.976	20929.331	15471.242	21241.342	3202.379	11521.18	5929.949	4263.694	18584.933	25663.426	18729.325	20161.004	3230.563	8489.489	28335.139	22036.714	12643.858	7402.342	8676.965	25074.855	3259.301	5679.367	14416.98	23880.323	5577.48	8415.507	31951.417	6831.716	0

