RequestsNum:								
81								
Requests and depot info:								
ID	Loc_x	Loc_y	RdrNum	LugNum	EarTime	LatTime	DDL_Arr	TUB
0	121.430649	31.15344	0	0	0	1440	1440	1440
1	121.3272287	31.1807562	1	1	422	452	485	33
2	121.4048637	31.2609823	1	0	418	448	485	37
3	121.4624585	31.2091887	2	1	440	470	495	25
4	121.399733	31.2128983	1	0	441	471	495	24
5	121.490314	31.1804742	1	1	428	458	480	22
6	121.283182	31.1264508	1	2	413	443	485	42
7	121.4866696	31.188197	1	0	435	465	490	25
8	121.5437087	31.0883148	2	1	411	441	490	49
9	121.4617571	31.1516053	1	1	442	472	490	18
10	121.3026158	31.1959028	1	0	419	449	495	46
11	121.480053	31.2405607	1	1	426	456	490	34
12	121.3821244	31.118829	1	0	439	469	490	21
13	121.409281	31.1216839	1	1	449	479	495	16
14	121.4719051	31.2393778	1	1	423	453	485	32
15	121.5103684	31.0725258	1	0	414	444	490	46
16	121.4447393	31.2011749	2	1	435	465	485	20
17	121.4083541	31.232899	1	0	437	467	495	28
18	121.4413154	31.1930196	1	1	444	474	490	16
19	121.4954208	31.2160635	1	2	425	455	485	30
20	121.4908827	31.231971	1	0	431	461	495	34
21	121.3192897	31.1889931	2	1	420	450	495	45
22	121.2875039	31.2109056	1	1	397	427	485	58
23	121.2840724	31.2110696	1	0	415	445	495	50
24	121.5765491	31.1682024	1	1	404	434	480	46
25	121.377957	31.0924137	1	0	432	462	495	33
26	121.4619533	31.2348615	1	1	420	450	485	35
27	121.4746643	31.1511881	1	1	445	475	495	20
28	121.5310691	31.2259637	1	0	422	452	490	38
29	121.4463608	31.2258204	2	1	432	462	490	28
30	121.3727745	31.1248782	1	0	436	466	490	24
31	121.4030745	31.0530611	1	1	426	456	495	39
32	121.3689449	31.1195609	1	2	433	463	485	22
33	121.3037844	31.2589676	1	0	387	417	480	63
34	121.4594048	31.2357853	2	1	418	448	480	32
35	121.4515345	31.1805029	1	1	445	475	490	15
36	121.4256615	31.0326547	1	0	417	447	495	48
37	121.2754001	31.2044939	1	1	412	442	495	53
38	121.4565272	31.1461522	1	0	428	458	480	22
39	121.4169418	31.2211811	1	1	437	467	495	28
40	121.5191731	31.1897046	1	1	419	449	480	31
41	121.3908846	31.0613488	1	0	412	442	480	38
42	121.4938402	31.2134061	2	1	429	459	490	31
43	121.4535276	31.206936	1	0	425	455	480	25
44	121.3536749	31.2401484	1	1	421	451	490	39
45	121.2924082	31.1438959	1	2	404	434	485	51
46	121.5252888	31.2275481	1	0	425	455	495	40
47	121.4093623	31.2238276	2	1	429	459	485	26
48	121.2756663	31.0449739	1	1	397	427	480	53
49	121.5369869	31.2440866	1	0	406	436	485	49
50	121.486964	31.2350991	1	1	432	462	495	33
51	121.3229807	31.2433267	1	0	403	433	480	47
52	121.582182	31.203925	1	1	418	448	490	42
53	121.2817374	31.1256366	1	1	418	448	495	47
54	121.514568	31.1762984	1	0	442	472	495	23
55	121.4845192	31.2533471	2	1	413	443	485	42
56	121.5816061	31.2072236	1	0	421	451	495	44
57	121.4570643	31.2627031	1	1	410	440	490	50
58	121.4322302	31.2001519	1	2	447	477	495	18
59	121.4555393	31.2377669	1	0	420	450	480	30
60	121.4734992	31.1527103	2	1	446	476	495	19
61	121.4805594	31.0678148	1	1	413	443	485	42
62	121.3864302	31.270756	1	0	420	450	490	40
63	121.374136	31.060239	1	1	418	448	485	37
64	121.3315227	31.1654107	1	0	419	449	485	36
65	121.4227107	31.2284551	1	1	440	470	495	25
66	121.4762146	31.1498475	1	1	448	478	495	17
67	121.5544617	31.2062691	1	0	418	448	490	42
68	121.4820841	31.0918995	2	1	422	452	485	33
69	121.3813907	31.1646403	1	0	445	475	495	20
70	121.4873679	31.2485374	1	1	412	442	485	43
71	121.3776537	31.2814526	1	2	415	445	495	50
72	121.4788296	31.2327457	1	0	426	456	485	29
73	121.2923579	31.1437335	2	1	413	443	490	47
74	121.415432	31.0771287	1	1	429	459	490	31
75	121.5283306	31.2722306	1	0	412	442	495	53
76	121.309867	31.184721	1	1	413	443	490	47
77	121.4616963	31.122029	1	0	434	464	480	16
78	121.4968871	31.0807253	1	1	425	455	495	40
79	121.4816537	31.2137658	1	1	424	454	485	31
80	121.4758037	31.2301127	1	0	421	451	485	34
								
DisMat:													
0	13397.114	13552.926	8233.017	8046.874	6767.904	16424.672	7599.383	16612.675	6530.403	20670.002	12478.387	7226.495	5604.334	11854.972	15582.951	6365.279	9682.638	5144.397	11088.095	12178.431	15854.521	18601.424	19036.779	15721.365	10566.877	10734.532	6209.936	13635.664	8995.136	7910.468	14309.653	8054.86	20375.185	10714.328	4440.105	16576.981	19071.181	6768.675	8559.435	9919.111	13898.094	10553.084	7318.517	14472.452	16204.075	13602.944	8634.669	21276.952	16295.125	12138.964	16934.569	16543.055	16608.311	8484.861	14212.318	16913.909	14769.565	5816.735	10837.454	5976.811	15679.052	15386.766	15055.569	11410.806	9188.698	5891.771	14759.582	12433.639	6057.782	13766.513	17336.147	11409.701	16184.682	10729.903	19405.55	15228.514	5955.204	13951.991	9979.07	10969.648
12403.789	0	14738.942	14997.235	9179.462	19077.421	10173.96	19590.573	28342.595	18851.996	10620.26	17307.48	9791.209	12327.367	16446.787	26794	13129.497	12092.255	12811.568	18279.365	18013.637	5481.978	8361.571	8796.926	28042.958	11578.076	15326.347	18531.529	22314.208	13651.014	8071.559	16000.16	7907.661	13047.275	15306.143	14446.944	20264.058	8604.238	19090.268	11262.699	21996.894	15411.589	18002.193	14012.197	10902.245	8937.359	21961.739	11337.933	19938.064	22910.91	17628.973	9224.735	28852.572	10357.599	20794.378	18909.037	29174.542	18130.236	11841.324	15357.376	18298.404	28000.645	14731.437	15834.802	2465.27	12623.305	18213.364	25683.089	24755.232	7194.402	18545.132	15928.217	16736.783	8917.966	15618.426	24131.115	8977.802	17260.801	25952.858	16775.499	16462.877
13355.703	15563.882	0	10061.968	6410.398	14599.979	22851.38	14847.689	26225.538	17562.399	15904.507	9509.038	18605.89	17899.648	8712.639	26528.313	8390.629	3774.032	9621.638	12103.8	11109.522	15757.88	14944.934	15209.903	24232.821	21946.272	7994.732	17294.544	15410.093	6427.582	18580.942	26368.356	19434.363	11133.84	7658.322	11048.322	29039.092	16317.286	18408.991	5559.197	16604.305	25779.785	12141.211	8868.408	6524.515	21967.749	15057.624	4822.001	32615.484	15975.418	10683.04	9149.226	23542.839	23035.019	17263.073	9798.95	23380.73	6614.449	7947.489	7115.582	17168.676	27965.695	3206.924	26434.964	15495.66	4588.105	17348.182	19495.042	24679.04	13095.565	9897.257	5156.305	9801.291	21948.356	22835.708	14808.498	18139.742	18260.955	25687.171	10972.654	9527.385
8915.132	16445.908	9799.47	0	7296.154	6161.779	21740.307	6409.489	17787.338	8686.114	20177.69	4810.091	14640.197	13934.932	4291.277	17640.156	2949.805	7643.896	4014.9	3673.613	4510.135	18750.436	18622.242	19057.597	15480.021	17980.579	3170.837	8410.028	7718.818	3209.733	15324.17	22402.663	15468.562	18879.774	3150.633	4817.123	24908.872	20164.98	9532.706	5830.936	7851.505	21814.092	3540.308	2281.83	13135.75	21097.959	7366.349	6844.101	28690.654	9015.474	4470.668	16096.037	14790.039	21923.946	8679.418	6544.022	14779.827	7205.87	4080.394	3273.759	8284.16	19081.179	12184.119	22469.271	15197.691	5888.913	8463.666	11288.374	15794.524	10953.196	6098.217	14133.5	3760.252	21078.566	18870.992	11737.254	18382.561	13117.709	16799.014	2281.576	3301.352
8013.214	10311.794	6633.941	7327.041	0	11672.669	17068.472	11920.379	23147.262	13468.051	13084.916	8898.888	13099.315	12402.328	8038.195	22217.577	5437.085	2939.904	5419.229	10351.818	9605.045	12020.071	11384.299	11819.654	21724.112	16439.697	6917.755	12983.808	13905.616	5242.422	12689.647	20861.781	13727.015	12790.099	6836.01	8051.634	23541.772	12927.037	14314.643	2332.99	14326.7	20273.21	10218.513	5915.953	6425.578	16087.523	13553.147	2275.594	26832.576	14508.016	9226.457	9349.483	21265.234	17252.111	14335.763	10460.766	21458.032	8999.554	3745.08	6817.344	12857.94	23654.959	7468.142	20928.389	9846.893	3693.596	13037.446	17966.579	20368.304	7204.27	10096.861	9417.523	8333.889	16068.13	17338.388	15682.844	12248.447	13313.008	21376.435	8959.781	8059.983
6790.243	20017.713	15002.254	5327.65	11963.454	0	23045.271	1096.006	12046.094	4847.979	25048.37	8091.954	13970.493	12348.332	7860.107	13459.291	6586.157	12746.236	6815.372	5645.206	7345.581	22475.12	23347.753	23783.108	10411.427	17310.875	8498.487	4349.705	6867.76	8537.383	14654.466	20867.922	14798.858	24082.558	8478.283	6091.772	22388.998	24890.491	5694.571	10883.197	3151.207	20456.363	5110.195	6046.119	18238.09	22824.674	6835.04	11896.362	28020.95	9527.221	7752.531	21198.377	10089.741	23228.91	3023.078	9825.885	10460.595	12533.52	8445.583	8601.409	4223.837	14896.673	17417.611	21664.344	18031.405	11086.928	4403.343	7991.678	11610.018	12584.642	9380.08	19366.992	7173.544	22805.281	17288.172	13884.694	21849.113	10597.835	12618.149	4667.237	6690.539
16678.118	11406.456	22792.556	21278.08	17108.205	23351.75	0	24183.229	31260.091	22647.892	13029.466	25122.33	12708.705	15244.863	24365.007	29711.496	19410.342	20020.998	18648.892	24560.21	24822.374	11603.934	13101.919	13160.376	31838.854	13677.8	23244.567	22327.425	28774.112	21569.234	11086.06	18917.656	10825.157	19905.885	23224.363	18721.273	23181.554	12052.993	22886.164	19191.442	26502.957	17040.212	24283.038	20293.042	18955.859	3981.318	28421.643	19266.676	11544.216	30024.712	24782.907	17639.578	33126.901	1256.659	25068.707	26827.257	33497.755	26061.689	18122.169	23275.596	22094.3	31246.445	22785.051	15059.234	8279.648	20552.048	22009.26	31241.276	27959.79	11468.731	26410.456	23981.831	24053.644	3961.925	18535.922	32049.335	10225.283	20178.297	28870.354	23056.344	23613.591
7635.638	20863.108	16052.81	6378.206	13014.01	1138.896	23890.666	0	13115.984	5693.374	26098.926	8411.034	14815.888	13193.727	8179.187	14529.181	7636.713	13796.792	7865.928	5964.286	7664.661	23320.515	24398.309	24833.664	11098.803	18156.27	8939.797	5419.595	6555.665	9562.148	15499.861	21713.317	15644.253	25133.114	8967.981	6937.167	23234.393	25941.047	6539.966	11933.753	3470.287	21301.758	5429.275	7096.675	19288.646	23670.069	6522.945	12946.918	28866.345	9215.126	8071.611	22248.933	10408.821	24074.305	3828.093	10144.965	10779.675	13179.787	9496.139	9377.326	5293.727	15966.563	17835.542	22509.739	18876.8	12137.484	5473.233	8310.758	12679.908	13430.037	9699.16	19784.923	7492.624	23650.676	18133.567	13492.532	22694.508	11443.23	13688.039	4986.317	7009.619
16665.882	29362.234	26660.125	16985.521	23088.117	11996.347	31141.308	13092.353	0	12571.07	36173.033	20088.301	20593.077	17341.612	19856.454	4086.838	18244.028	24404.107	18363.583	17641.553	19341.928	31819.641	34252.921	34688.276	13169.266	21864.858	20156.358	11224.629	17789.658	20195.254	21443.563	16808.997	20622.941	35740.429	20136.154	16540.943	15553.852	35000.726	12809.342	22541.068	13373.414	19140.225	17106.542	17703.99	29513.695	30958.84	18166.962	23406.679	31353.839	20335.373	19748.878	32437.6	18161.557	31324.947	11730.802	21822.232	18532.411	24191.391	20103.454	20259.28	11454.123	6677.207	29075.482	21234.922	27375.926	22744.799	11003.854	17039.813	7575.8	22591.894	21376.427	31024.863	19169.891	30939.447	17381.992	25489.32	30772.007	14134.722	5176.097	16663.584	18686.886
6513.254	19778.598	18002.222	8575.39	13464.499	4831.04	22243.603	5662.519	12594.544	0	26549.415	12130.748	11609.052	9104.088	11695.415	11664.859	9800.732	14831.03	8739.965	9852.683	11553.058	22236.005	24629.303	25064.658	11703.44	14447.935	11113.705	1503.682	11698.8	11534.386	12293.133	17504.678	12437.525	26254.598	11141.889	6917.325	19772.006	25452.665	846.592	13419.644	7982.247	17093.119	9317.672	9293.859	19890.077	22061.135	11666.08	13783.061	25659.509	14358.261	11791.325	22813.982	14807.765	22427.242	6749.571	13864.679	15178.619	15404.26	10661.412	11472.149	1267.801	12722.622	20273.955	18301.1	17792.29	13623.375	1624.375	12822.718	9477.209	12439.266	13418.874	22223.336	11080.909	22041.742	13924.928	18715.734	21609.998	8768.098	10823.717	8801.402	10622.009
15926.226	4670.618	16710.467	18070.939	12177.293	22416.567	11239.202	22664.277	31849.371	22374.433	0	20312.159	13297.985	15834.143	19451.466	30300.776	16203.201	15090.086	15885.272	21353.069	21018.316	2225.635	7044.895	7480.25	31565.395	14344.25	18331.026	22053.966	25318.887	16655.693	11578.335	19506.936	11414.437	12122.346	18310.822	17969.381	23770.834	7758.969	22612.705	14260.53	25070.598	17887.516	21075.897	17085.901	11660.602	9840.414	24966.418	14335.764	21003.306	25921.287	20639.728	8653.227	32009.132	11422.841	24316.815	21913.716	32248.246	21149.736	14915.028	18362.055	21820.841	31523.082	16234.336	17459.606	4748.571	15621.136	21735.801	28756.793	28277.669	10716.839	21549.811	16686.574	19747.16	9821.021	19125.202	27135.794	10720.851	20767.577	29459.634	19849.203	19473.254
12489.767	18375.385	10015.389	5290.069	9036.533	7845.866	24836.543	7984.772	19822.954	12111.138	21324.763	0	18214.832	17509.567	952.103	21065.18	6719.648	8211.126	7959.334	3549.119	1759.951	20679.913	20158.938	20594.293	15785.114	21555.214	2229.968	11835.052	6243.821	4101.803	18898.805	25977.298	19043.197	19424.409	2258.152	8803.361	28649.011	21701.676	12957.73	6848.244	9004.74	25388.727	3587.076	5993.239	13702.98	24151.114	5891.352	7861.409	32265.289	7145.588	1286.326	16663.267	14637.652	25020.182	9897.175	1894.348	14280.212	6128.924	7396.54	2688.54	11709.184	22506.203	10792.054	26043.906	17910.484	6474.422	11888.69	10331.122	19219.548	14407.2	1530.443	12741.435	1464.709	24131.721	22445.627	7116.426	20312.038	17103.947	20224.038	3437.611	1914.191
6756.757	11290.124	18424.05	13550.828	12334.108	13524.661	13069.198	14356.14	20110.953	11264.067	18944.638	17796.198	0	3546.453	17172.783	18562.358	11683.09	14791.888	10467.773	16572.241	17496.242	13747.531	16932.17	17255.107	20455.029	3941.965	16052.343	10943.6	20392.421	14312.947	2270.488	8364.049	2550.831	21192.021	16032.139	10322.109	11524.178	16928.616	11502.339	13858.276	16675.868	7775.478	16037.23	12636.328	16110.789	12886.73	20359.701	13933.51	14990.212	22414.054	17456.775	17490.288	23299.812	13252.837	15241.618	19530.129	23670.666	20087.376	11134.546	16155.265	10710.475	20097.307	19186.721	8614.369	9303.816	14506.509	10625.435	21516.339	16810.652	6326.188	19084.324	21136.102	16727.512	12867.337	6878.546	24723.361	12887.873	9029.159	17721.216	15302.446	16287.459
5562.315	13230.557	18115.655	13245.997	12025.713	12330.219	15009.631	13161.698	17652.45	9102.149	20885.071	17491.367	4202.994	0	16867.952	16103.855	11378.259	14483.727	10159.612	16267.41	17191.411	15687.964	18872.603	19195.54	18293.111	6101.84	15747.512	8781.682	19197.979	14008.116	5311.886	10241.268	4491.264	21932.854	15727.308	10002.42	12864.902	18869.049	9340.421	13550.115	15481.426	9829.709	15732.399	12331.497	16383.405	14827.163	19165.259	13625.349	17831.922	21857.44	17151.944	18492.238	22105.311	15193.27	14047.117	19225.298	22476.165	19782.545	10829.715	15850.434	8548.557	17638.804	18878.326	10838.737	11244.249	14201.678	8463.517	20321.897	14352.149	6535.315	18779.493	20827.707	16422.681	14807.77	6661.518	24418.53	14640.33	6370.634	15262.713	14994.285	15982.628
12225.528	17640.352	9217.407	5080.679	8249.308	7817.332	24397.03	7956.238	19794.42	11901.748	20435.103	860.693	17950.593	17245.328	0	20855.79	6455.409	7339.745	7695.095	4140.788	2459.503	19905.05	19269.278	19704.633	16398.851	21290.975	1340.308	11625.662	6857.558	3366.823	18634.566	25713.059	18778.958	18575.623	1368.492	8593.971	28384.772	20812.016	12748.34	5958.584	9040.728	25124.488	4178.745	5729	12831.599	23416.081	6505.089	6971.749	32001.05	7423.5	1985.878	15791.886	15251.389	24580.669	9868.641	2467.382	14893.949	5396.205	7132.301	1798.88	11499.794	22296.813	10051.96	25779.667	17175.451	5584.762	11679.3	10944.859	19010.158	14142.961	2103.477	12001.341	1249.373	23396.688	22181.388	7689.46	19577.005	16894.557	20014.648	3409.077	1682.421
15728.189	27922.443	26688.147	17268.992	22150.424	13383.598	29701.517	14479.604	4086.838	11633.377	35235.34	21029.093	19153.286	15901.821	20593.76	0	18486.657	23516.955	17425.89	18751.028	20451.403	30379.85	33315.228	33750.583	16404.639	18185.637	20012.05	10286.936	20251.358	20432.731	20003.772	12794.497	19183.15	34940.523	20040.234	15603.25	11539.352	33560.935	11871.649	22105.569	16168.667	15125.725	18216.017	17987.461	28576.002	29519.049	20218.638	22468.986	27339.339	22910.819	20689.67	31499.907	21396.93	29885.156	14526.055	22763.024	21767.784	24302.605	19347.337	20370.494	10516.43	3277.09	28959.88	17220.422	25936.135	22309.3	10066.161	20275.186	4469.785	21179.725	22317.219	30909.261	19979.254	29499.656	13367.492	27268.292	29332.216	12694.931	2107.755	17699.747	19520.354
6194.384	13794.923	9200.236	2469.035	5377.297	6814.663	18877.654	7062.373	18440.222	9777.083	18462.213	7024.004	11919.449	11214.184	6400.589	18742.997	0	6480.697	1775.621	5751.165	6724.048	16123.56	16761.596	17196.951	16866.106	15259.831	5280.149	9509.228	10122.499	3727.425	12603.422	19681.915	12747.814	18094.237	5259.945	3193.628	22353.628	18304.334	10623.675	4617.658	9468.694	19093.344	5473.993	1641.429	11802.875	18235.306	9770.03	5630.823	25969.906	11419.155	6684.581	14726.78	16407.228	19061.293	9477.757	8757.935	16646.342	9315.182	1859.426	5383.071	9383.36	20180.379	11471.969	19748.523	12335.038	4821.389	9562.866	13154.889	16893.724	8052.922	8312.13	13421.35	5955.318	18215.913	16150.244	13951.167	15731.576	10821.583	17901.855	4247.299	5515.265
10015.451	12981.669	3870.288	8338.507	3070.146	12743.004	19738.347	12990.714	24368.563	15256.611	14570.394	7992.928	15265.638	14559.396	7147.712	24006.137	6464.276	0	6776.467	10380.339	9386.061	14332.087	13610.821	13875.79	22509.36	18606.02	6293.555	14772.368	13686.632	4704.121	15333.283	23028.104	16094.111	11920.973	5960.254	9121.969	25698.84	14983.173	16103.203	2097.008	14880.844	22439.533	10417.75	6942.055	5520.07	18757.398	13334.163	1047.969	29316.095	14251.957	8970.398	8480.357	21819.378	19921.986	15406.098	8734.714	21657.269	6083.706	5102.318	5456.632	14646.5	25443.519	5875.23	23094.712	12516.768	2737.276	14826.006	17771.581	22156.864	9847.906	8555.016	7824.611	8077.83	18738.005	19495.456	13744.262	14918.322	15315.245	23164.995	9249.193	7803.924
5160.71	13553.056	9535.047	3132.475	5411.845	6622.661	18358.672	6870.371	18248.22	9108.563	18496.761	7854.729	10885.775	10180.51	7231.314	17858.089	1465.206	6778.376	0	6154.772	7554.773	15881.693	16614.197	17049.552	16674.104	14226.157	6110.874	8624.32	10851.293	4371.478	11569.748	18648.241	11714.14	18201.944	6090.67	2874.347	21281.141	18156.935	9955.155	4952.469	9423.601	18059.67	5751.504	2505.338	11837.423	17716.324	10498.824	5730.407	24936.232	12147.949	7515.306	14761.328	16362.135	18542.311	9285.755	9588.66	16732.989	10145.907	2194.237	6213.796	8498.452	19295.471	11806.78	18714.849	11816.056	5156.2	8677.958	13272.205	16008.816	7248.978	9142.855	13756.161	6786.043	17696.931	15116.57	14781.892	15489.709	9489.978	17016.947	4834.673	6345.99
11167.444	19185.208	12536.881	3744.311	10258.211	5406.136	24267.939	5545.042	17383.224	9996.484	23139.747	3528.666	17056.8	16351.535	4210.983	18796.421	5390.285	10381.307	6171.025	0	2085.85	21513.845	21584.299	22019.654	13184.405	20397.182	5092.016	9686.835	5445.011	5719.875	17740.773	24819.266	17885.165	21617.185	5120.2	6674.45	26766.199	23127.037	10843.076	8792.993	6331.17	24230.695	913.506	4726.105	15873.161	23625.591	5092.542	9806.158	31107.257	6741.465	2625.302	18833.448	12455.04	24451.578	7457.445	4721.592	12153.025	9332.006	7249.711	5535.053	9560.967	20233.803	13987.761	24885.874	17725.323	8626.324	9740.473	8661.572	16947.148	13420.003	4174.872	15937.142	2991.57	23606.198	21287.595	9835.246	21121.861	14975.036	17955.279	1550.884	3161.838
12208.503	18985.751	11559.711	5008.805	9646.899	7163.426	24555.279	7302.332	19140.514	11753.774	22357.872	1695.626	17933.568	17228.303	2538.351	20553.711	6438.384	9404.137	7678.07	2369.185	0	21290.279	20972.987	21408.342	14799.009	21273.95	3679.39	11444.125	5950.135	4742.705	18617.541	25696.034	18761.933	20640.015	3707.574	8431.74	28367.747	22515.725	12600.366	7881.353	7945.774	25107.463	2670.796	5711.975	14895.991	23912.931	5597.666	8894.518	31984.025	6851.902	539.452	17856.278	14069.644	24738.918	9214.735	2635.742	13767.629	7800.24	7115.276	4313.092	11318.257	21991.093	12463.37	25762.642	18012.663	7649.154	11497.763	10037.436	18704.438	14125.936	2089.022	14412.751	1357.051	23893.538	22164.363	7749.396	20922.404	16732.326	19712.569	2980.955	1912.518
15742.473	3338.684	14484.832	17578.866	10814.419	21924.494	13291.618	22172.204	31681.279	22190.68	9518.992	19342.735	13129.893	15666.051	18482.042	30132.684	15688.91	13160.814	15437.924	20603.643	20048.892	0	6836.895	7272.25	31381.642	14916.76	17361.602	21870.213	24349.463	15686.269	11410.243	19338.844	11246.345	10250.132	17315.303	17785.628	23602.742	7335.227	22428.952	12812.283	24578.525	18750.273	20470.338	16167.778	9434.967	11817.906	23996.994	12754.887	23055.722	24951.863	19670.304	6427.592	31517.059	13475.257	24133.062	20940.059	31709.857	19083.666	13996.905	17296.637	21637.088	31339.329	14008.701	19173.486	5803.954	14172.889	21552.048	28218.404	28093.916	10533.086	20576.154	14460.939	18777.736	11798.513	18957.11	26162.137	12316.486	20599.485	29291.542	19211.606	18503.83
18547.171	6464.491	14900.122	18696.239	11369.198	23041.867	12788.324	23289.577	34115.397	24436.186	6011.477	19980.674	16252.586	18788.744	19135.458	33185.712	16806.283	13578.763	16673.1	21721.016	20974.243	5309.591	0	435.355	32813.824	17374.7	18086.086	23951.943	25274.814	16411.368	14532.936	22461.537	14369.038	7372.517	17789.337	19078.041	26725.435	1542.738	25233.65	13286.317	25695.898	20917.966	21587.711	17285.151	9733.283	10163.809	24922.345	13228.921	22247.465	25877.214	20595.655	6537.534	32634.432	12971.963	25425.475	21414.093	32827.23	19501.615	15114.278	17770.671	23826.075	34144.027	14423.991	20490.056	7779.021	14646.923	24005.581	29335.777	30898.614	13433.693	21050.188	14876.229	19703.087	10144.416	22079.803	26636.171	12580.924	23722.178	32344.57	20328.979	19429.181
18982.526	6899.846	15154.523	19131.594	11804.553	23477.222	12846.781	23724.932	34550.752	24871.541	6069.934	20416.029	16687.941	19224.099	19570.813	33621.067	17241.638	13833.164	17108.455	22156.371	21409.598	5740.1	435.355	0	33249.179	17777.879	18521.441	24387.298	25710.169	16846.723	14968.291	22896.892	14804.393	7626.918	18224.692	19513.396	27160.79	1107.383	25669.005	13721.672	26131.253	21321.145	22023.066	17720.506	9987.684	10222.266	25357.7	13664.276	22305.922	26312.569	21031.01	6791.935	33069.787	13030.42	25860.83	21849.448	33262.585	19756.016	15549.633	18206.026	24261.43	34579.382	14678.392	20925.411	8182.2	15082.278	24440.936	29771.132	31333.969	13869.048	21485.543	15130.63	20138.442	10202.873	22515.158	27071.526	12639.381	24157.533	32779.925	20764.334	19864.536
15752.098	29017.442	24645.625	15220.18	21744.311	10391.181	31482.447	11190.239	13178.113	11657.286	34829.227	15747.77	20847.896	18342.932	16430.087	16333.12	16638.862	22490.051	16868.077	12745.999	14510.647	31474.849	32909.115	33344.47	0	22988.545	17206.268	10310.845	9982.54	17828.619	21531.977	25866.129	21676.369	33725.929	17234.452	15197.137	27049.572	34451.853	11895.558	20870.928	7629.221	25454.57	12889.32	16098.824	27981.905	31299.979	10531.349	21884.093	34898.353	11855.728	15050.099	30942.192	5315.227	31666.086	7393.793	16317.572	5686.081	21341.917	18498.288	17643.797	10540.339	18707.176	26102.013	26662.551	27031.134	20735.068	10090.07	6659.193	15614.351	21678.11	16255.257	28051.394	15210.674	31280.586	22031.12	15085.374	30848.842	15258.409	16019.03	13252.788	15276.09
10475.74	12559.62	22142.799	17273.141	16052.857	17243.644	13587.687	18075.123	21499.06	14328.995	19463.127	21518.511	3743.073	6099.889	20895.096	18217.105	15405.403	18510.871	14186.756	20294.554	21218.555	14785.013	17502.55	17773.596	22932.359	0	19774.656	14008.528	24111.404	18035.26	4401.711	5538.904	3820.327	22580.001	19754.452	14041.092	9903.7	17447.105	14567.267	17577.259	20394.851	3833.513	19759.543	16358.641	19168.221	13405.219	24078.684	17652.493	12794.945	26136.367	21179.088	18759.784	27018.795	13764.311	18960.601	23252.442	27389.649	23809.689	14856.859	19877.578	13775.403	18633.147	22759.805	4764.762	10373.926	18228.822	13690.363	25235.322	18198.759	9866.374	22806.637	24194.193	20449.825	13385.826	5516.227	28445.674	13406.362	9583.125	18437.391	19021.429	20009.772
10945.151	16419.832	8598.377	3834.032	7080.98	7971.753	23176.51	8110.659	19948.841	10655.101	19538.161	1981.133	16670.216	15964.951	1120.44	19609.143	5175.032	6442.803	6414.718	4694.644	3565.324	18724.36	18372.336	18807.691	16823.665	20010.598	0	10379.015	7886.115	2146.25	17354.189	24432.682	17498.581	17678.681	471.55	7347.324	27104.395	19915.074	11501.693	5061.642	9195.149	23844.111	4732.055	4448.623	11934.657	22195.561	7533.646	6074.807	30720.673	8415.841	3091.699	14894.944	16133.683	23360.149	10023.062	3582.69	15955.705	4944.081	5851.924	1087.752	10253.147	21050.166	9661.536	24499.29	15954.931	4687.82	10432.653	12006.615	17763.511	12862.584	3218.785	11610.917	2241.714	22176.168	20901.011	8804.768	18356.485	15647.91	18768.001	3563.498	2022.613
5913.162	19178.506	17513.826	8156.58	12976.103	4311.138	21643.511	5369.71	11479.135	1460.52	26061.019	11857.238	11008.96	8503.996	11421.905	10549.45	9312.336	14342.634	8251.569	9579.173	11279.548	21635.913	24140.907	24576.262	10588.031	13847.843	10840.195	0	11178.898	11260.876	11693.041	16904.586	11837.433	25766.202	10868.379	6428.929	19171.914	24852.573	2056.622	12931.248	7263.312	16493.027	9044.162	8875.049	19401.681	21461.043	11146.178	13294.665	25059.417	13838.359	11517.815	22325.586	13678.894	21827.15	5620.7	13591.169	14049.748	15130.75	10173.016	11198.639	235.881	11986.832	19785.559	17701.008	17192.198	13134.979	581.695	11979.911	8700.177	11839.174	13145.364	21734.94	10807.399	21441.65	13324.836	18195.832	21009.906	7678.043	9708.308	8527.892	10348.499
14138.081	22958.265	15922.055	8416.076	13808.511	7416.844	28465.123	7476.267	17524.085	12195.817	26690.047	6730.098	21318.331	19696.17	7007.287	20433.368	10062.05	13766.481	11127.145	5993.546	5325.468	25262.793	25134.599	25569.954	9983.419	24658.713	8148.326	11612.649	0	9105.049	22002.304	28215.76	22146.696	25002.359	8176.51	11902.658	29736.836	26677.337	13042.409	12243.697	4428.766	27804.201	6295.157	9397.87	19258.335	27822.775	833.768	13256.862	35368.788	2777.28	5864.92	22218.622	8671.665	28648.762	6025.554	6615.804	8314.225	11640.149	11025.12	8782.028	11486.781	22053.558	16527.193	29012.182	21922.507	12011.498	11666.287	4365.135	18766.903	18035.78	6553.489	18476.574	6193.002	27803.382	24636.01	8152.613	24894.918	17945.673	19775.034	6339.867	6299.956
9049.373	14537.099	6926.924	3901.894	5198.247	8439.905	21293.777	8687.615	20065.464	11402.325	17749.013	3929.769	14774.438	14069.173	3069.076	20368.239	3288.774	4771.35	4528.46	5730.556	4736.278	16841.627	16524.335	16959.69	17859.577	18114.82	1948.636	11134.47	9036.849	0	15458.411	22536.904	15602.803	16007.228	1928.432	5946.467	25208.617	18067.073	12248.917	3272.494	10231.061	21948.333	5767.967	3007.762	10263.204	20312.828	8684.38	4285.659	28824.895	9602.174	4320.615	13223.491	17169.595	21477.416	11058.974	5531.326	17007.486	5911.776	3926.302	1979.665	11008.602	21805.621	9301.749	22603.512	14072.198	3016.367	11188.108	13121.798	18518.966	10936.962	5167.421	11251.13	3428.047	20293.435	19005.233	10753.404	16473.752	13856.098	19527.097	4599.41	3154.141
8100.231	9045.99	18385.739	14897.632	12454.494	14868.135	10825.064	15699.614	20727.907	12607.307	16700.504	19143.002	1744.766	4712.679	18519.587	19179.312	13029.894	15141.984	11811.247	17919.045	18843.046	11503.397	14688.036	15010.973	21798.269	4381.381	17399.147	12286.84	21735.895	15659.751	0	8803.465	1066.5	19068.694	17378.943	11665.583	12649.37	14684.482	12845.579	14306.551	18019.342	8214.894	17384.034	13983.132	14786.65	10642.596	21703.175	14381.785	14368.22	23760.858	18803.579	15246.154	24643.286	11008.703	16585.092	20876.933	25014.14	21201.634	12405.915	17502.069	12053.715	20714.261	18378.234	8870.073	7059.682	15667.157	11968.675	22859.813	17427.606	5484.803	20431.128	19812.622	18074.316	10623.203	8003.738	26070.165	10643.739	9646.113	18338.17	16645.92	17634.263
14252.663	16981.331	26564.51	21694.852	20474.568	20770.509	18760.405	21601.988	16803.644	17535.982	24635.845	25940.222	8164.784	10225.72	25316.807	12796.415	19827.114	22932.582	18608.467	24716.265	25640.266	19438.738	22623.377	22946.314	25829.117	5550.737	24196.367	17215.515	27638.269	22456.971	8823.422	0	8242.038	27004.035	24176.163	18462.803	4364.796	22619.823	17774.254	21998.97	23921.716	2400.066	24181.254	20780.352	23589.932	18577.937	27605.549	22074.204	14613.68	30297.73	25600.799	23181.495	30423.964	18944.044	22480.95	27674.153	30794.818	28231.4	19278.57	24299.289	16982.39	13212.457	27181.516	4494.763	14995.023	22650.533	16897.35	28762.187	14840.374	14288.085	27228.348	28615.904	24871.536	18558.544	3831.42	32867.385	18579.08	12479.883	13016.701	23443.14	24431.483
7940.209	8891.515	19338.443	14734.28	13407.198	14708.113	10670.589	15539.592	20448.227	12447.707	16546.029	18979.65	1883.548	4432.999	18356.235	18899.632	12866.542	15975.34	11651.225	17755.693	18679.694	11348.922	14533.561	14856.498	21638.669	3670.415	17235.795	12127.24	21575.873	15496.399	972.844	8092.499	0	18914.219	17215.591	11505.561	12369.69	14530.007	12685.979	15041.728	17859.32	7503.928	17220.682	13819.78	15739.354	10488.121	21543.153	15116.962	13502.299	23597.506	18640.227	15091.679	24483.264	10854.228	16425.07	20713.581	24854.118	21270.828	12317.998	17338.717	11894.115	20434.581	19330.938	8132.346	6905.207	15689.961	11809.075	22699.791	17147.926	6437.507	20267.776	20765.326	17910.964	10468.728	7724.058	25906.813	10489.264	9366.433	18058.49	16485.898	17470.911
20455.781	11164.057	11328.979	19494.029	12854.485	24032.04	19610.857	24279.75	35657.599	26263.543	8371.655	19148.45	20670.726	22029.564	18303.234	35013.069	17822.69	11905.553	18273.714	21535.861	20541.583	10597.29	7448.752	7713.721	33664.882	22715.905	17449.077	25779.3	24842.154	15859.643	19150.505	27161.103	19068.604	0	17115.776	20480.383	30467.275	8821.104	27110.135	14002.561	26036.366	26259.171	21573.272	18300.469	6742.624	17327.112	24489.685	12953.522	29374.961	25407.479	20125.92	4215.713	32974.9	19794.496	26695.134	19707.106	32812.791	16539.921	16599.565	16612.154	25653.432	36134.833	10275.667	25831.261	13120.226	14020.166	25832.938	28927.103	32889.42	15477.594	19710.538	10727.905	19233.352	17307.719	25821.643	24716.654	17807.505	26108.5	34171.927	20404.715	18959.446
10960.283	16271.86	8126.827	4197.521	6880.816	8345.231	23028.538	8484.137	20322.319	11018.59	19066.611	2191.337	16685.348	15980.083	1346.121	19972.632	5190.164	5971.253	6429.85	5068.122	3790.147	18536.558	17900.786	18336.141	17197.143	20025.73	373.478	10742.504	8188.202	1998.331	17369.321	24447.814	17513.713	17207.131	0	7596.891	27119.527	19443.524	11865.182	4590.092	9568.627	23859.243	5105.533	4463.755	11463.107	22047.589	7835.733	5603.257	30735.805	8754.144	3316.522	14423.394	16507.161	23212.177	10396.54	3624.756	16224.593	4548.313	5833.821	616.202	10616.636	21413.655	9526.562	24514.422	15806.959	4216.27	10796.142	12275.503	18127	12785.5	3260.851	11475.943	2580.017	22028.196	20916.143	8846.834	18208.513	15767.008	19131.49	3936.976	2390.748
5307.383	15375.696	11084.897	4278.138	7234.485	5874.032	18904.459	6121.742	17499.591	7896.767	20319.401	9088.229	11226.785	10521.52	8569.415	16646.293	2913.022	8365.358	1822.64	7004.751	8705.126	17704.333	18436.837	18872.192	15925.475	14567.167	7448.975	7412.524	11749.21	5921.328	11910.758	18989.251	12055.15	19978.898	7428.771	0	20906.138	19979.575	8743.359	6502.319	8839.643	18400.68	6469.74	3905.597	13660.063	18683.862	11396.741	7515.484	25277.242	13045.664	8748.806	16583.968	15778.177	19088.098	8537.126	10822.16	16149.031	11484.008	3744.087	7551.897	7286.656	18083.675	13356.63	19055.859	13638.696	6706.05	7466.162	13265.498	14797.02	8205.988	10376.355	15306.011	8038.39	18664.469	15457.58	16015.392	17312.349	9114.975	15805.151	5951.331	7579.49
16855.757	21386.227	29065.926	24192.704	22975.984	23373.603	23165.301	24205.082	21083.761	20139.076	29040.741	28438.074	11358.89	12699.376	27814.659	20868.441	22324.966	25433.764	21109.649	27214.117	28138.118	23843.634	27028.273	27351.21	28467.47	10088.255	26694.219	19818.609	30241.363	24954.823	12701.092	8072.026	12646.934	30353.886	26674.015	20963.985	0	27024.719	20377.348	24500.152	26524.81	8485.329	26679.106	23278.204	26144.001	22982.833	30208.643	24575.386	18910.768	32900.824	28098.651	26913.27	33062.317	23348.94	25084.044	30172.005	33433.171	30729.252	21776.422	26797.141	19585.484	21284.483	29735.585	9506.557	19399.919	25148.385	19500.444	31365.281	22912.4	16842.154	29726.2	31169.973	27369.388	22963.44	9554.224	35365.237	22796	15118.236	21088.727	25944.322	26929.335
19008.629	7296.302	16261.906	20238.977	12911.936	24584.605	11739.398	24832.315	34941.499	25456.836	4962.551	21523.412	16390.113	18926.271	20678.196	33392.904	18349.021	14940.547	18215.838	23263.754	22516.981	5398.599	1542.738	1107.383	34356.562	17436.378	19628.824	25136.369	26817.552	17954.106	14670.463	22599.064	14506.565	8734.301	19332.075	20620.779	26862.962	0	25695.108	14829.055	27238.636	20979.644	23130.449	18827.889	11095.067	9114.883	26465.083	14771.659	21198.539	27419.952	22138.393	7899.318	34177.17	11923.037	26968.213	22956.831	34369.968	20863.399	16657.016	19313.409	24903.244	34605.485	15785.775	20591.962	7840.699	16189.661	24818.204	30878.515	31360.072	13799.242	22592.926	16238.013	21245.825	9095.49	22217.33	28178.909	11531.998	23859.705	32551.762	21871.717	20971.919
6822.193	20087.537	18839.828	9412.996	14302.105	5668.646	22552.542	6500.125	12809.653	853.6	27387.021	12968.354	11917.991	9413.027	12533.021	11879.968	10638.338	15668.636	9577.571	10690.289	12390.664	22544.944	25291.847	25727.202	11918.549	14756.874	11951.311	2341.288	12536.406	12371.992	12602.072	17813.617	12746.464	27092.204	11979.495	7754.931	20080.945	25761.604	0	14257.25	8819.853	17402.058	10155.278	10131.465	20727.683	22370.074	12503.686	14620.667	25968.448	15195.867	12628.931	23651.588	15645.371	22736.181	7587.177	14702.285	16016.225	16241.866	11499.018	12309.755	2105.407	11876.03	21111.561	18610.039	18101.229	14460.981	2088.749	13660.324	8630.617	12748.205	14256.48	23060.942	11918.515	22350.681	14233.867	19553.34	21918.937	8983.207	10148.969	9639.008	11459.615
8732.59	12237.289	5739.453	6518.722	2325.766	10864.35	18993.967	11112.06	22489.909	13391.656	14511.561	6752.776	14348.004	13641.762	5907.56	22141.182	4585.622	2096.176	4911.512	8843.138	7848.86	13981.508	13345.736	13781.091	20915.793	17688.386	4858.188	12907.413	12149.431	3183.47	14466.016	22110.47	15176.477	14017.149	4561.439	7243.315	24781.206	14888.474	14238.248	0	13343.643	21521.899	8880.549	5063.401	7616.246	18013.018	11796.962	1048.207	28398.461	12714.756	7433.197	10576.533	20282.177	19177.606	13527.444	8186.195	20120.068	7380.072	3237.363	4542.773	12781.545	23578.564	7971.406	22177.078	11772.388	1360.606	12961.051	16234.38	20291.909	8980.639	7822.29	9920.787	6540.629	17993.625	18577.822	13408.273	14173.942	13550.829	21300.04	7711.992	6266.723
10050.642	22935.162	17138.009	7712.564	14530.188	3338.77	26305.67	3744.16	13097.09	8117.743	27615.104	9169.889	17230.892	15598.881	8938.042	16006.373	9152.891	14982.435	9382.106	6289.215	8053.863	25263.799	25914.487	26349.842	7628.516	20571.274	9698.652	7185.654	4540.116	10321.003	17914.865	23999.471	18059.257	26218.313	9726.836	8778.409	25568.18	27457.225	8964.335	13363.312	0	23587.912	6188.13	8612.853	20474.289	26085.073	4938.958	14376.477	31281.349	7085.831	8593.315	23434.576	6938.534	26489.309	1598.559	10295.088	7309.388	13938.642	11012.317	10136.181	7059.786	17626.563	18594.397	24795.893	21198.162	13227.452	7239.292	4840.471	14339.908	15845.041	10142.885	20543.778	8251.479	26065.68	20419.721	12261.316	24871.815	13777.017	15348.039	5745.172	7768.474
13842.724	16393.879	25977.058	21107.4	19887.116	20360.57	17131.582	21192.049	19188.564	17126.043	23007.022	25352.77	7577.332	9815.781	24729.355	15181.335	19239.662	22345.13	18021.015	24128.813	25052.814	18322.382	21046.445	21317.491	25419.178	3840.553	23608.915	16805.576	27228.33	21869.519	8235.97	2384.92	7654.586	26123.896	23588.711	17875.351	6749.716	20991	17364.315	21411.518	23511.777	0	23593.802	20192.9	23002.48	16949.114	27195.61	21486.752	13563.73	29887.791	25013.347	22594.043	30014.025	16978.377	22071.011	27086.701	30384.879	27643.948	18691.118	23711.837	16572.451	15597.377	26594.064	2515.53	13917.821	22063.081	16487.411	28352.248	17225.294	13700.633	26640.896	28028.452	24284.084	16929.721	3421.481	32279.933	16943.731	12069.944	15401.621	22855.688	23844.031
10445.592	19115.805	12709.769	3674.908	10431.099	4684.284	24094.481	4823.19	16661.372	9274.632	23312.635	3702.553	16518.389	15813.124	4384.87	18074.569	5320.882	10554.195	5751.504	779.009	2619.497	21444.442	21757.187	22192.542	13074.748	19858.771	5264.904	8964.983	5793.442	5892.763	17202.362	24280.855	17346.754	21790.073	5293.088	5952.598	26044.347	23299.925	10121.224	8965.881	5907.68	23692.284	0	4656.702	16046.049	23467.828	5440.973	9979.046	30568.846	7089.896	3158.949	19006.336	12345.383	24278.12	6735.593	5255.239	12043.368	9504.894	7180.308	5707.941	8839.115	19511.951	14160.649	24347.463	17567.56	8799.212	9018.621	8551.915	16225.296	12975.452	4708.519	16110.03	3165.457	23448.435	20749.184	10368.893	21052.458	14253.184	17233.427	1481.481	3334.726
8036.096	15686.043	9039.605	1613.046	6536.289	6151.057	20861.271	6398.767	17776.616	9113.477	19417.825	5565.232	13761.161	13055.896	4941.817	18079.391	2082.168	6884.031	3179.622	4435.865	5265.276	17990.571	17862.377	18297.732	16202.5	17101.543	3821.377	8845.622	8481.07	2625.473	14445.134	21523.627	14589.526	18119.909	3801.173	4237.889	24195.34	19405.115	9960.069	5071.071	8612.705	20935.056	4302.56	0	12375.885	20218.923	8128.601	6084.236	27811.618	9777.726	5225.809	15336.172	15551.239	21044.91	8814.151	7299.163	15542.079	7856.41	3201.358	3924.299	8719.754	19516.773	11454.962	21590.235	14318.655	5129.048	8899.26	12050.626	16230.118	10074.16	6853.358	13404.343	4496.546	20199.53	17991.956	12492.395	17622.696	12555.028	17238.249	3043.828	4056.493
14194.192	10214.575	6640.237	13508.019	6180.978	17853.647	18509.068	18101.357	29328.24	19649.029	10532.974	13486.951	15300.901	16176.624	12641.735	28398.555	11618.063	5494.023	11600.207	15874.362	14880.084	10408.573	9573.401	9838.37	27905.09	18641.283	11787.578	19164.786	19180.655	10198.144	14560.559	23063.367	15597.927	6752.226	11454.277	14232.612	26131.716	10945.753	20495.621	7591.031	20374.867	22474.796	15911.773	12096.931	0	17563.236	18828.186	6541.992	28273.172	19745.98	14464.421	3311.61	27313.401	18692.707	20516.741	14228.737	27151.292	11416.875	9926.058	10950.655	19038.918	29835.937	6012.734	23129.975	11091.147	8231.299	19218.424	23265.604	26549.282	9624.654	14049.039	6464.972	13571.853	17543.843	21112.684	19238.285	13844.685	19493.986	27557.413	14743.216	13297.947
16212.281	9105.575	20909.5	20321.688	15140.386	22885.913	3693.856	23717.392	30891.259	22182.055	10322.679	23268.404	12339.873	14876.031	22407.711	29342.664	18453.95	18053.179	17692.5	23603.818	23865.982	9382.671	10395.132	10453.589	31373.017	13386.138	21287.271	21861.588	27817.72	19611.938	10620.223	18548.824	10456.325	17463.455	21267.067	18255.436	22812.722	9346.206	22420.327	17223.623	26037.12	16929.404	23326.646	19336.65	17072.803	0	27465.251	17298.857	14102.742	28871.834	23589.897	15362.745	32661.064	3877.495	24602.87	24869.961	33031.918	24091.16	17165.777	21318.3	21628.463	30877.613	20901.995	15512.388	6635.316	18584.229	21543.423	30775.439	27590.958	11002.894	24506.056	22098.775	22697.707	19.393	18167.09	30092.039	8004.02	19809.465	28501.522	22099.952	22423.801
13787.344	22592.518	15556.308	8050.329	13442.764	7066.107	28099.376	7125.53	17966.425	11845.08	26324.3	6364.351	20967.594	19345.433	6641.54	20456.392	9696.303	13400.734	10761.398	5627.799	4959.721	24897.046	24768.852	25204.207	10638.709	24307.976	7782.579	11346.806	778.793	8739.302	21651.567	27865.023	21795.959	24636.612	7810.763	11536.911	29386.099	26311.59	12691.672	11877.95	4886.156	27453.464	5929.41	9032.123	18892.588	27457.028	0	12891.115	35018.051	3026.662	5499.173	21852.875	9326.955	28283.015	6467.894	6250.057	8969.515	11274.402	10659.373	8416.281	11220.938	21893.774	16161.446	28661.445	21556.76	11645.751	11400.444	5020.425	18607.119	17670.033	6187.742	18110.827	5827.255	27437.635	24285.273	7786.866	24529.171	17594.936	19615.25	5974.12	5934.209
9002.049	12121.396	4918.257	7509.342	2209.873	11854.97	18878.074	12102.68	23480.529	14208.642	14395.668	7743.396	14248.638	13542.396	6898.18	22958.168	5576.242	1047.969	5728.498	9833.758	8839.48	13865.615	13229.843	13665.198	21906.413	17589.02	5848.808	13724.399	13140.051	4174.09	14350.123	22011.104	15077.111	12968.942	5552.059	8233.935	24681.84	14772.581	15055.234	1049.039	14334.263	21422.533	9871.169	6054.021	6568.039	17897.125	12787.582	0	28299.095	13705.376	8423.817	9528.326	21272.797	19061.713	14518.064	9176.815	21110.688	7131.675	4054.349	5533.393	13598.531	24395.55	6923.199	22077.712	11656.495	2409.645	13778.037	17225	21108.895	8864.746	8812.91	8872.58	7531.249	17877.732	18478.456	14398.893	14058.049	14302.779	22117.026	8702.612	7257.343
21173.632	20318.551	31704.651	27967.703	26020.3	27941.536	10511.263	28773.015	31380.568	25680.942	21941.561	32213.073	14416.875	17819.001	31589.658	27373.339	26099.965	28933.093	24884.648	30989.116	31913.117	20516.029	22014.014	22072.471	34871.904	12847.889	30469.218	25360.475	34809.296	28729.822	14317.985	14576.924	13399.295	28817.98	30449.014	24738.984	18716.564	20965.088	25919.214	28103.537	31092.743	13568.943	30454.105	27053.203	27867.954	12893.413	34776.576	28178.771	0	36830.929	31873.65	26551.673	37716.687	10011.075	29658.493	33947.004	38087.541	34504.251	25551.421	30572.14	25127.35	27789.381	31697.146	11587.965	17191.743	28923.384	25042.31	35933.214	29417.298	19772.618	33501.199	32893.926	31144.387	12874.02	15679.256	39140.236	19137.378	22403.182	27593.625	29719.321	30704.334
16453.005	23852.456	16426.416	9806.937	14513.604	9731.768	29855.984	9742.24	20119.366	14510.741	27224.577	7379.906	23132.718	22011.094	7397.437	23028.649	11452.911	14270.842	12518.006	7384.407	6716.329	26156.984	25839.692	26275.047	11411.631	26473.1	8538.476	14012.467	2797.122	9609.41	23816.691	30530.684	23961.083	25506.72	8566.66	13293.519	32051.76	27382.43	15357.333	12748.058	7024.047	30119.125	7686.018	10788.731	19762.696	29213.636	2973.811	13761.223	37183.175	0	7255.781	22722.983	9292.28	30039.623	8620.835	7005.954	8934.84	12030.299	12415.981	9172.178	13886.599	24559.435	16917.343	30961.792	23313.368	12515.859	14066.105	5893.023	21272.78	19426.641	6630.736	18866.724	6590.58	29194.243	26950.934	5983.211	25789.109	20260.597	22280.911	7730.728	7034.871
12175.895	18506.74	11080.7	4976.197	9167.888	7531.994	24522.671	7670.9	19509.082	11797.266	21878.861	1232.557	17900.96	17195.695	2061.34	20751.308	6405.776	8925.126	7645.462	3054.523	873.914	20811.268	20493.976	20929.331	15471.242	21241.342	3202.379	11521.18	5929.949	4263.694	18584.933	25663.426	18729.325	20161.004	3230.563	8489.489	28335.139	22036.714	12643.858	7402.342	8676.965	25074.855	3259.301	5679.367	14416.98	23880.323	5577.48	8415.507	31951.417	6831.716	0	17377.267	14323.78	24706.31	9583.303	2505.109	13966.34	7337.171	7082.668	3836.081	11395.312	22192.331	12000.301	25730.034	17980.055	7170.143	11574.818	10017.25	18905.676	14093.328	1958.389	13949.682	1150.837	23860.93	22131.755	7618.763	20443.393	16790.075	19910.166	3123.739	1704.337
17064.597	7341.284	9330.085	16790.342	9463.301	21135.97	17413.987	21383.68	32551.57	22872.359	7477.685	16507.297	17129.379	18638.38	15662.081	31621.885	14900.386	8514.369	14882.53	18894.708	17900.43	7441.447	6518.112	6783.081	31023.729	18916.246	14807.924	22388.116	22201.001	13218.49	15409.729	23338.33	15245.831	4200.752	14474.623	17514.214	27076.091	7890.464	23718.951	10611.377	23395.213	22749.759	18932.119	15379.254	3351.44	15987.417	21848.532	9562.338	27178.091	22766.326	17484.767	0	30333.747	17597.626	23799.064	17249.083	30171.638	14437.221	13208.381	13971.001	22262.248	32743.649	8702.582	23167.053	9803.44	11251.645	22441.754	26285.95	29498.236	12086.41	17069.385	9154.82	16592.199	15968.024	22430.459	22258.631	14416.321	22717.316	30780.743	17763.562	16318.293
16786.413	29745.195	23341.717	14508.552	21063.047	10148.803	33041.441	10554.193	17789.28	14927.776	33944.583	13984.634	23966.663	22334.652	14521.844	20944.287	15962.924	21186.143	16192.139	11534.426	12577.19	32073.832	32389.135	32824.49	4905.356	27307.045	15662.883	13921.425	7637.288	16524.711	24650.636	30416.831	24795.028	32422.021	15691.067	15588.442	31600.274	33931.873	15774.368	19597.829	6931.638	30005.272	11677.747	15422.886	26677.997	32820.844	8344.138	20610.994	38017.12	8186.638	13116.642	29638.284	0	33225.08	8334.33	14130.361	370.854	19154.706	17822.35	16224.965	13795.557	23318.343	24041.75	31213.253	28008.195	19431.16	13975.063	3817.081	20225.518	22580.812	14068.046	25991.131	13447.538	32801.451	26581.822	11461.365	31681.848	19809.111	20630.197	12315.125	13735.241
16771.704	11500.042	22886.142	21371.666	17201.791	23445.336	1256.659	24276.815	31353.677	22741.478	13123.052	25215.916	12802.291	15338.449	24458.593	29805.082	19503.928	20114.584	18742.478	24653.796	24915.96	11697.52	13195.505	13253.962	31932.44	13771.386	23338.153	22421.011	28867.698	21662.82	11179.646	19011.242	10918.743	19999.471	23317.949	18814.859	23275.14	12146.579	22979.75	19285.028	26596.543	17133.798	24376.624	20386.628	19049.445	4074.904	28515.229	19360.262	11190.29	30118.298	24876.493	17733.164	33220.487	0	25162.293	26920.843	33591.341	26155.275	18215.755	23369.182	22187.886	31340.031	22878.637	15152.82	8373.234	20645.634	22102.846	31334.862	28053.376	11562.317	26504.042	24075.417	24147.23	4055.511	18629.508	32142.921	10318.869	20271.883	28963.94	23149.93	23707.177
8501.815	21729.285	17661.166	7986.562	14350.518	2997.388	24756.843	3796.446	11548.263	6755.902	27435.434	9929.342	15682.065	14050.054	9697.495	14457.546	9245.069	15405.148	9474.284	7473.323	9182.969	24186.692	25515.322	25950.677	7438.081	19022.447	10458.105	5636.827	6058.856	11080.456	16366.038	22450.644	16510.43	26741.47	10486.289	7803.344	24019.353	27058.06	7602.494	13542.109	1642.612	22039.085	6947.583	8705.031	20776.096	24536.246	6436.16	14555.274	29732.522	8604.571	9589.919	23700.001	8058.194	24940.482	0	11365.306	8429.048	14698.095	11104.495	10895.634	5510.959	16077.736	19353.85	23247.066	19742.977	13745.84	5690.465	6359.211	12791.081	14296.214	11217.468	21303.231	9010.932	24516.853	18870.894	13758.518	23560.685	12228.19	13799.212	6504.625	8527.927
14389.934	19973.089	10100.625	7190.236	10582.045	9746.033	26729.767	9884.939	21723.121	14011.305	22599.819	1900.167	20114.999	19409.734	2852.27	22965.347	8619.815	8504.405	9859.501	5161.346	2834.807	22122.606	21486.834	21908.148	16232.466	23455.381	3673.045	13735.219	6938.67	5699.56	20798.972	27877.465	20943.364	19509.645	3701.229	10703.528	30549.178	23015.531	14857.897	8291.321	10032.364	27288.894	5462.957	7893.406	13996.259	25748.818	6586.201	9304.486	34165.456	7177.085	2361.182	16956.546	15427.191	26913.406	11355.844	0	15069.751	5861.315	9296.707	3874.376	13609.351	24406.37	10603.225	27944.073	19508.188	7311.396	13788.857	11120.661	21119.715	16307.367	855.688	12552.606	3364.876	25729.425	24345.794	5367.494	21909.742	19004.114	22124.205	5337.778	3814.358
17157.267	30116.049	23547.199	14688.902	21268.529	10519.657	33412.295	10925.047	18160.134	15298.63	34150.065	14190.116	24337.517	22705.506	14727.326	21315.141	16333.778	21391.625	16562.993	11714.776	12782.672	32444.686	32594.617	33029.972	5276.21	27677.899	15868.365	14292.279	7842.77	16730.193	25021.49	30787.685	25165.882	32627.503	15896.549	15959.296	31971.128	34137.355	16145.222	19803.311	7302.492	30376.126	11858.097	15670.696	26883.479	33191.698	8549.62	20816.476	38387.974	8392.12	13322.124	29843.766	370.854	33595.934	8705.184	14335.843	0	19360.188	18193.204	16430.447	14166.411	23689.197	24247.232	31584.107	28379.049	19636.642	14345.917	3984.432	20596.372	22951.666	14273.528	26196.613	13653.02	33172.305	26952.676	11666.847	32052.702	20179.965	21001.051	12495.475	13940.723
17000.817	21311.752	8276.719	10071.34	11400.229	13652.949	28068.43	13791.855	25630.037	16892.409	22783.155	6930.815	22725.882	22020.617	6415.916	25846.451	11230.698	8560.005	12470.384	10375.84	8354.161	22636.528	21823.582	22088.551	21334.987	26066.264	6250.038	16616.323	11627.722	8038.865	23409.855	30488.348	23554.247	18408.282	6278.222	13584.632	33160.061	23195.934	17739.001	9864.02	14876.345	29899.777	10413.251	10504.289	13670.331	27087.481	11275.253	9607.974	36776.339	11429.433	7880.536	16295.042	19469.949	28252.069	15704.258	5966.066	19112.509	0	11874.355	6091.885	16490.455	27287.474	8316.346	30554.956	20846.851	8807.262	16669.961	15809.469	24000.819	18170.128	6443.659	10008.894	7649.812	27068.088	26956.677	8484.101	23248.405	21807.542	25005.309	9244.694	7476.66
5505.673	12577.182	8079.152	3581.961	3883.199	7927.589	17659.913	8175.299	19553.148	10154.293	16968.115	7323.206	11230.738	10525.473	6699.791	18903.819	1692.005	5230.429	1674.149	6606.738	7023.25	14905.819	15267.498	15702.853	17979.032	14571.12	5579.351	9670.05	10651.943	3811.85	11914.711	18993.204	12059.103	16673.298	5559.147	4306.554	21664.917	16810.236	11000.885	3496.574	10581.62	18404.633	6473.433	2170.873	10308.777	17017.565	10299.474	4182.46	25281.195	11948.599	6983.783	13232.682	17520.154	17843.552	10590.683	9057.137	17712.952	9614.384	0	5682.273	9544.182	20341.201	10350.885	19059.812	11117.297	3700.305	9723.688	14221.499	17054.546	7010.66	8611.332	12300.266	6254.52	16998.172	15461.533	14250.369	14513.835	10313.466	18062.677	5214.701	5814.467
11362.379	16673.956	7716.727	5255.13	6974.688	9315.025	23430.634	9453.931	21292.113	12076.199	19160.483	2923.208	17087.444	16382.179	2077.992	21030.241	5592.26	5625.964	6831.946	6037.916	4522.018	18630.43	17994.658	18430.013	18166.937	20427.826	1423.093	11800.113	8920.073	2400.427	17771.417	24849.91	17915.809	16861.842	1058.114	7998.987	27521.623	19537.396	12922.791	4683.964	10538.421	24261.339	6075.327	4865.851	11117.818	22449.685	8567.604	5697.129	31137.901	9486.015	4048.393	14078.105	17313.904	23614.273	11366.334	4224.413	16956.464	3932.111	6235.917	0	11674.245	22471.264	8910.36	24916.518	16209.055	4143.344	11853.751	13007.374	19184.609	13187.596	3860.508	10859.741	3311.888	22430.292	21318.239	9261.195	18610.609	16169.104	20189.099	4906.77	3138.736
5948.261	19213.605	17391.686	8034.44	12853.963	4188.998	21678.61	5247.57	11422.952	1262.542	25938.879	11735.098	11044.059	8539.095	11299.765	10493.267	9190.196	14220.494	8129.429	9457.033	11157.408	21671.012	24018.767	24454.122	10531.848	13882.942	10718.055	235.881	11056.758	11138.736	11728.14	16939.685	11872.532	25644.062	10746.239	6306.789	19207.013	24887.672	2091.721	12809.108	7141.172	16528.126	8922.022	8752.909	19279.541	21496.142	11024.038	13172.525	25094.516	13716.219	11395.675	22203.446	13556.754	21862.249	5498.56	13469.029	13927.608	15008.61	10050.876	11076.499	0	11930.649	19663.419	17736.107	17227.297	13012.839	525.512	11857.771	8643.994	11874.273	13023.224	21612.8	10685.259	21476.749	13359.935	18073.692	21045.005	7621.86	9652.125	8405.752	10226.359
16704.673	29847.309	28613.013	19193.858	24075.29	15308.464	31626.383	16404.47	6663.937	12609.861	37160.206	22955.015	20405.764	17826.687	22519.682	3275.902	20411.523	25441.821	19350.756	20676.95	22377.325	32304.716	35174.327	35609.682	18689.322	18671.184	21937.972	12179.562	22176.224	22358.653	21747.966	13280.044	21108.016	36865.389	21966.156	17528.116	12024.899	35485.801	12848.133	24030.435	18093.533	15611.272	20141.939	19912.327	30500.868	31443.915	22143.504	24393.852	27824.886	24835.685	22615.592	33424.773	23599.758	31810.022	16450.921	24688.946	23970.612	26228.527	21272.203	22296.416	12056.269	0	30884.746	17705.969	27861.001	24234.166	11889.495	22420.516	3376.172	22630.685	24243.141	32834.127	21905.176	31424.522	13853.039	29193.158	31257.082	14619.797	2762.104	19625.669	21446.276
15341.744	15048.025	3207.507	12897.77	7452.171	17308.9	22607.796	17447.806	29061.34	20258.533	15388.65	10680.553	18971.01	18775.196	10071.867	29212.575	11226.431	5857.235	11994.6	14031.791	12417.814	15242.023	14429.077	14694.046	26160.812	22311.392	9605.427	19982.447	16901.684	9263.384	18352.457	26733.476	19389.825	10249.107	9505.628	13884.124	29914.64	15801.429	21105.125	7932.159	18532.296	26144.905	14069.202	11704.21	6008.658	21724.165	16549.215	6905.204	32371.9	17421.465	11944.189	8535.95	25295.515	22791.435	19360.209	10649.749	24938.075	7283.653	10320.451	8956.881	19856.579	30653.598	0	26800.084	15252.076	7423.907	20036.085	20988.985	27366.943	12968.315	11013.957	1949.381	11305.763	21704.772	23711.256	15469.18	18122.041	20633.917	28371.433	12900.645	11132.611
15006.692	16813.112	26673.985	21800.763	20584.043	21570.52	15503.175	22401.999	21314.78	18335.993	22594.072	26046.133	8249.935	10842.689	25422.718	17307.551	19933.025	23041.823	18717.708	24822.176	25746.177	17426.162	20650.662	20935.993	26629.128	4770.632	24302.278	18015.526	28438.28	22562.882	8908.573	4511.136	8155.505	25728.113	24282.074	18572.044	8801.647	20609.502	18574.265	22108.211	24721.727	2521.118	24287.165	20886.263	23675.083	15413.948	28405.56	22183.445	11588.34	30663.989	25706.71	23013.276	31223.975	15002.987	23280.961	27780.064	31594.829	28337.311	19384.481	24405.2	17782.401	17723.593	27266.667	0	13732.178	22756.444	17697.361	29562.198	19351.51	14373.236	27334.259	28701.055	24977.447	15394.555	4631.431	32973.296	16047.511	13279.894	17527.837	23552.381	24537.394
11406.068	3439.701	14792.843	14445.244	9233.363	18079.7	7971.841	18686.427	27330.718	17854.275	9876.493	17361.381	8779.332	11315.49	16500.688	25782.123	12577.506	12146.156	11816.056	17727.374	17989.538	5441.329	7915.916	8186.962	27045.237	10399.082	15380.248	17533.808	21941.276	13704.915	7059.682	14988.283	6895.784	12993.367	15360.044	13449.223	19252.181	7860.471	18092.547	11316.6	21230.907	13942.348	17450.202	13460.206	10956.146	6659.14	21588.807	11391.834	17735.945	22964.811	17682.874	9639.865	27854.851	8155.48	19796.657	18962.938	28225.705	18184.137	11289.333	15411.277	17300.683	27002.924	14785.338	13724.907	0	12677.206	17215.643	25088.261	23757.511	6196.681	18599.033	15982.118	16790.684	6639.747	14606.549	24185.016	6775.683	16248.924	24940.981	16223.508	16516.778
8935.853	13294.365	4821.127	6512.512	3382.842	10858.14	20051.043	11105.85	22483.699	13584.473	15568.637	6688.484	14660.918	13955.653	5843.268	22333.999	4579.412	2101.588	5104.329	8836.928	7842.65	15038.584	14402.812	14838.167	20909.583	18001.3	4830.448	13100.23	12143.221	3162.233	15344.891	22423.384	15489.283	13715.128	4497.147	7237.105	25095.097	15945.55	14431.065	1092.118	13337.433	21834.813	8874.339	5057.191	7593.442	19070.094	11790.752	2105.283	28711.375	12708.546	7426.987	10553.729	20275.967	20234.682	13521.234	8096.433	20113.858	6871.878	3430.18	4246.568	12974.362	23771.381	7092.86	22489.992	12829.464	0	13153.868	16228.17	20484.726	10037.715	7757.998	9042.241	6534.419	19050.701	18891.713	13105.981	15231.018	13743.646	21492.857	7705.782	6260.513
5858.889	19124.233	17561.95	8204.704	13024.227	4359.262	21589.238	5417.834	11000.009	1624.375	26109.143	11905.362	10954.687	8449.723	11470.029	10070.324	9360.46	14390.758	8299.693	9627.297	11327.672	21581.64	24189.031	24624.386	10108.905	13793.57	10888.319	324.747	11227.022	11309	11638.768	16850.313	11783.16	25814.326	10916.503	6477.053	18964.726	24798.3	2002.349	12979.372	7311.436	16438.754	9092.286	8923.173	19449.805	21406.77	11194.302	13342.789	25005.144	13886.483	11565.939	22373.71	13727.018	21772.877	5668.824	13639.293	14097.872	15178.874	10221.14	11246.763	556.799	11507.706	19833.683	17646.735	17137.925	13183.103	0	12028.035	8221.051	11784.901	13193.488	21783.064	10855.523	21387.377	13270.563	18243.956	20955.633	7173.563	9229.182	8576.016	10396.623
14433.768	26154.405	19748.369	10713.508	17469.699	7712.531	30688.796	7929.508	16626.199	12491.504	30351.235	10575.931	21614.018	19991.857	11113.141	19701.497	12359.482	17592.795	13140.222	7739.382	9168.487	28483.042	28795.787	29231.142	6262.925	24954.4	12254.18	11902.987	4386.626	12931.363	22297.991	28511.447	22442.383	28828.673	12282.364	13082.706	30032.523	30338.525	13338.096	16004.481	4719.104	28099.888	7882.703	11695.302	23084.649	30468.199	4935.435	17017.646	35664.475	5914.384	9707.939	26044.936	4693.618	30872.435	6315.892	10721.658	4336.178	15746.003	14218.908	12746.541	11777.119	22052.612	20633.047	29307.869	24694.52	15837.812	11956.625	0	18809.783	20096.283	10659.343	22582.428	10038.835	30448.806	24931.697	10800.527	28091.058	18241.36	19364.466	8520.081	10326.538
13389.793	26655.137	25440.127	16020.972	20902.404	12135.578	28453.497	13231.584	7578.262	9294.981	33987.32	19782.129	17905.266	14653.801	19346.796	4468.645	17238.637	22268.935	16177.87	17504.064	19204.439	29112.544	31859.447	32294.802	15621.156	19177.047	18765.086	8864.682	19003.338	19185.767	18755.752	14817.304	17935.13	33692.503	18793.27	14355.23	13562.159	32312.915	9533.253	20857.549	14920.647	17148.532	16969.053	16739.441	27327.982	28271.029	18970.618	21220.966	29362.146	21662.799	19442.706	30251.887	20531.592	28637.136	13278.035	21516.06	20902.446	23055.641	18099.317	19123.53	8741.389	3286.655	27711.86	19243.229	24668.829	21061.28	8574.615	19352.35	0	19315.805	21070.255	29661.241	18732.29	28251.636	15390.299	26020.272	28084.196	11446.911	2522.202	16452.783	18273.39
6007.453	8091.471	13010.573	10139.692	6969.691	12573.378	11119.029	13404.857	22537.932	12455.66	15692.356	14309.473	6099.741	6551.97	13686.058	21354.698	8271.954	9657.181	7269.882	13421.822	14009.517	10548.878	13486.615	13921.97	21646.622	9440.123	12565.618	12135.193	17638.21	10798.117	5485.377	13862.207	6522.745	15397.539	12545.414	7942.901	17056.534	13765.538	12693.932	8821.748	15724.585	13273.636	13021.386	9157.14	9848.09	10898.432	17285.741	8896.982	19824.465	18934.866	13970.05	11956.923	22348.529	11302.668	14290.335	16043.404	22719.383	15716.831	6986.267	12668.54	11902.068	21604.309	13003.068	13928.815	6105.163	10182.354	11817.028	20067.114	18358.896	0	15597.599	14874.062	13240.787	10879.039	11488.03	21236.636	9922.871	11550.343	19877.248	11917.956	12800.734
13787.397	19627.778	10379.667	6587.699	10236.734	9143.496	26134.173	9282.402	21120.584	13408.768	22422.529	1402.986	19512.462	18807.197	2355.089	22362.81	8017.278	8575.404	9256.964	4426.461	2099.922	21892.476	21256.704	21692.059	16331.92	22852.844	3327.734	13132.682	6992.368	5354.249	20196.435	27274.928	20340.827	19788.687	3355.918	10100.991	29946.641	22799.442	14255.36	7946.01	10003.05	26686.357	4728.072	7290.869	14067.258	25403.507	6639.899	8959.175	33562.919	6594.751	1626.297	17027.545	15364.962	26317.812	11194.805	665.562	15007.522	6267.115	8694.17	3713.294	13006.814	23803.833	11009.025	27341.536	19162.877	7190.512	13186.32	11174.115	20517.178	15704.83	0	12958.406	2762.339	25384.114	23743.257	5745.17	21564.431	18401.577	21521.668	4735.241	3212.889
17158.167	15502.732	5023.93	14714.193	9287.145	19165.349	23797.225	19304.255	30877.763	22114.982	15843.357	12537.002	20589.058	20650.658	11928.316	31040.693	13042.854	7673.658	13811.023	15888.24	14274.263	15696.73	14883.784	15148.753	28017.261	23929.44	11461.876	21806.924	18758.133	11079.807	19848.716	28351.524	20886.084	10703.814	11362.077	15700.547	31419.873	16256.136	22961.574	9748.582	20388.745	27762.953	15925.651	13520.633	6463.365	22851.393	18405.664	8721.627	33561.329	19277.914	13800.638	8990.657	27151.964	23980.864	21216.658	12506.198	26794.524	9140.102	12136.874	10813.33	21681.056	32478.075	1975.165	28418.132	16379.304	9240.33	21860.562	22845.434	29191.42	14843.777	12870.406	0	13162.212	22832	25586.718	16586.247	19132.842	22450.34	30199.551	14757.094	12989.06
11721.018	18363.556	10937.516	4521.32	9024.704	7095.636	24067.794	7234.542	19072.724	11342.389	21735.677	1231.991	17446.083	16740.818	1914.308	20296.431	5950.899	8781.942	7190.585	2982.898	1353.631	20668.084	20350.792	20786.147	15218.893	20786.465	3055.347	11066.303	5644.401	4120.51	18130.056	25208.549	18274.448	20017.82	3083.531	8034.612	27880.262	21893.53	12188.981	7259.158	8319.032	24619.978	3020.855	5224.49	14273.796	23425.446	5291.932	8272.323	31496.54	6174.127	892.568	17234.083	14071.431	24251.433	9146.945	2965.922	13713.991	7286.374	6627.791	3689.049	10940.435	21737.454	11942.129	25275.157	17525.178	7026.959	11119.941	9764.901	18450.799	13638.451	2520.117	13891.51	0	23406.053	21676.878	8159.154	20300.209	16335.198	19455.289	2687.381	1251.427
16192.888	9086.182	20890.107	20302.295	15120.993	22866.52	3674.463	23697.999	30871.866	22162.662	10303.286	23249.011	12320.48	14856.638	22388.318	29323.271	18434.557	18033.786	17673.107	23584.425	23846.589	9363.278	10375.739	10434.196	31353.624	13366.745	21267.878	21842.195	27798.327	19592.545	10600.83	18529.431	10436.932	17444.062	21247.674	18236.043	22793.329	9326.813	22400.934	17204.23	26017.727	16910.011	23307.253	19317.257	17053.41	19.393	27445.858	17279.464	14083.349	28852.441	23570.504	15343.352	32641.671	3858.102	24583.477	24850.568	33012.525	24071.767	17146.384	21298.907	21609.07	30858.22	20882.602	15492.995	6615.923	18564.836	21524.03	30756.046	27571.565	10983.501	24486.663	22079.382	22678.314	0	18147.697	30072.646	7984.627	19790.072	28482.129	22080.559	22404.408
10682.745	16812.354	23070.452	18200.794	16980.51	17102.121	18591.428	17933.6	17455.433	13966.064	24466.868	22446.164	6785.017	6655.802	21822.749	13448.204	16333.056	19438.524	15114.409	21222.207	22146.208	19269.761	22454.4	22777.337	21997.697	5514.382	20702.309	13645.597	23969.881	18962.913	8127.219	3835.009	8073.061	25780.013	20682.105	14810.965	7237.686	22450.846	14204.336	18504.912	20253.328	3423.45	20687.196	17286.294	21338.202	18408.96	23937.161	18580.146	15679.631	26629.342	22106.741	22339.397	26592.544	18775.067	18819.078	24180.095	26963.398	24737.342	15784.512	20805.231	13412.472	13864.246	23833.123	4631.431	14826.046	19156.475	13327.432	25093.799	15492.163	11490.112	23734.29	25782.504	21377.478	18389.567	0	29373.327	18222.127	8648.463	13668.49	19949.082	20937.425
22017.652	29456.984	22030.944	15710.959	20118.132	15296.415	35491.937	15355.838	25401.193	20075.388	32829.105	12984.434	28870.226	27575.741	13001.965	28310.476	17356.933	19875.37	18422.028	13285.615	12617.537	31761.512	31444.22	31879.575	13246.961	32210.608	14143.004	19489.757	8542.491	15213.938	29554.199	36095.331	29698.591	31111.248	14171.188	19197.541	37616.407	32986.958	20921.98	18352.586	12305.874	35683.772	13587.226	16648.633	25367.224	34849.589	9083.325	19365.751	42920.683	6152.249	13008.705	28327.511	10985.848	35675.576	13902.662	12610.482	10628.408	17634.827	18051.934	14776.706	19363.889	29930.666	22521.871	36699.3	28949.321	18120.387	19543.395	9550.2	26644.011	25062.594	12548.167	24471.252	12195.108	34830.196	32515.581	0	31393.637	25825.244	27652.142	13634.75	12639.399
17121.124	4717.335	15863.483	18957.517	12193.07	23303.145	13771.061	23550.855	33059.93	23569.331	7498.872	20721.386	14508.544	17044.702	19860.693	31511.335	17067.561	14539.465	16816.575	21982.294	21427.543	1378.651	6691.912	7127.267	32760.293	16295.411	18740.253	23248.864	25728.114	17064.92	12788.894	20717.495	12624.996	9681.439	18693.954	19164.279	24981.393	6483.369	23807.603	14190.934	25957.176	20128.924	21848.989	17546.429	10813.618	11651.204	25375.645	14133.538	23535.165	26330.514	21048.955	7806.243	32895.71	13954.7	25511.713	22318.71	33088.508	20462.317	15375.556	18675.288	23015.739	32717.98	15387.352	19991.465	7182.605	15551.54	22930.699	29597.055	29472.567	11911.737	21954.805	15839.59	20156.387	11631.811	20335.761	27540.788	0	21978.136	30670.193	20590.257	19882.481
6084.156	18261.475	18343.451	11929.459	13258.361	10299.238	20040.549	11130.717	13761.515	8013.953	25915.989	16739.55	9038.836	6240.853	16220.736	12212.92	10891.489	14624.892	9523.758	14656.072	16356.447	20718.882	23903.521	24226.458	15194.814	9608.638	15100.296	7693.486	17166.998	13771.042	10342.804	12486.222	9522.182	26033.348	15080.092	8008.082	13669.665	23899.967	8252.225	13501.689	13450.445	12074.663	14121.061	11796.133	19683.939	19858.081	17134.278	13576.923	22369.068	19826.459	16400.127	22592.732	19789.661	20224.188	12016.195	18473.481	20160.515	19135.329	10592.641	15203.218	7460.361	13747.869	20500.122	13282.644	16275.167	13964.604	7375.321	18290.916	10461.214	11518.757	18027.676	22449.503	15689.711	19838.688	8651.213	23666.713	19671.248	0	11371.778	13602.652	15230.811
14606.15	27158.446	25924.15	16504.995	21386.427	12619.601	28937.52	13715.607	5162.97	10511.338	34471.343	20266.152	18389.289	15137.824	19830.819	2086.746	17722.66	22752.958	16661.893	17988.087	19688.462	29615.853	32551.231	32986.586	16000.459	18437.497	19249.109	9522.939	19487.361	19669.79	19239.775	13046.357	18419.153	34176.526	19277.293	14839.253	11791.212	32796.938	10749.61	21341.572	15404.67	15377.585	17453.076	17223.464	27812.005	28755.052	19454.641	21704.989	27591.199	22146.822	19926.729	30735.91	20910.895	29121.159	13762.058	22000.083	21281.749	23539.664	18583.34	19607.553	9752.433	2761.734	28195.883	17472.282	25172.138	21545.303	9302.164	19731.653	2524.592	20415.728	21554.278	30145.264	19216.313	28735.659	13619.352	26504.295	28568.219	11930.934	0	16936.806	18757.413
10039.714	17710.145	11398.345	2269.248	9103.373	4484.076	22792.876	4622.982	16461.164	9035.616	21984.909	3424.717	15764.779	15059.514	3192.87	17874.361	3915.222	9242.771	4879.004	1503.866	2967.76	20038.782	20429.461	20864.816	13335.988	19105.161	3953.48	8759.53	6042.08	4581.339	16448.752	23527.245	16593.144	20478.649	3981.664	5638.612	25730.361	21972.199	9882.208	7638.155	5707.472	22938.674	1258.732	3251.042	14734.625	22150.528	5689.611	8651.32	29815.236	7338.736	3085.294	17694.912	12646.006	22976.515	6535.385	5158.648	12498.251	8193.47	5774.648	4396.517	8633.662	19311.743	12849.225	23593.853	16250.26	7487.788	8813.168	9006.798	16025.088	11968.144	4712.843	14798.606	2506.307	22131.135	19995.574	10351.88	19646.798	13939.198	17033.219	0	2023.302
10981.028	17623.566	10197.526	3781.33	8284.714	6458.336	23327.804	6597.242	18435.424	10602.399	20995.687	1600.698	16706.093	16000.828	1681.005	19556.441	5210.909	8041.952	6450.595	2917.722	1660.55	19928.094	19610.802	20046.157	15226.032	20046.475	2441.615	10326.313	5961.121	3380.52	17390.066	24468.559	17534.458	19277.83	2469.799	7294.622	27140.272	21153.54	11448.991	6519.168	7681.732	23879.988	2955.133	4484.5	13533.806	22685.456	5608.652	7532.333	30756.55	6680.752	1261.275	16494.093	14354.952	23511.443	8509.645	3334.629	13997.512	6681.605	5887.801	3001.161	10200.445	20997.464	11337.36	24535.167	16785.188	6286.969	10379.951	10048.422	17710.809	12898.461	2888.824	13286.741	506.625	22666.063	20936.888	8527.861	19560.219	15595.208	18715.299	2050.081	0
