RequestsNum:
101
Requests and depot info:
ID	Loc_x		Loc_y	RdrNum	LugNum	EarTime	LatTime	DDL_Arr	TUB
0	121.430649	31.15344	0	0	0 	1440 	1440	1440 
1	121.5590832	31.1652985	1	1	418 	448 	480	32 
2	121.3109346	31.1886599	1	0	414 	444 	485	41 
3	121.4926571	31.2225258	2	1	436 	466 	495	29 
4	121.4683245	31.2080251	1	0	437 	467 	490	23 
5	121.4662599	31.2047956	1	1	434 	464 	485	21 
6	121.2929707	31.2733909	1	2	407 	437 	490	53 
7	121.514609	31.0669119	1	0	410 	440 	490	50 
8	121.4496334	31.1086226	2	1	446 	476 	495	19 
9	121.4851497	31.2478605	1	1	415 	445 	485	40 
10	121.4108482	31.2409654	1	0	429 	459 	490	31 
11	121.4862212	31.1612484	1	1	449 	479 	495	16 
12	121.4302953	31.2529453	1	0	415 	445 	480	35 
13	121.5743366	31.2421437	1	1	408 	438 	485	47 
14	121.3789538	31.1453391	1	1	433 	463 	480	17 
15	121.4632023	31.258472	1	0	421 	451 	490	39 
16	121.5543295	31.2080057	2	1	417 	447 	490	43 
17	121.4791593	31.2279348	1	0	429 	459 	485	26 
18	121.4731388	31.199166	1	1	444 	474 	495	21 
19	121.4129388	31.2201073	1	2	430 	460 	485	25 
20	121.5368714	31.2146732	1	0	416 	446 	480	34 
21	121.3362237	31.1585631	2	1	425 	455 	480	25 
22	121.5874259	31.1883039	1	1	409 	439 	480	41 
23	121.473787	31.1970791	1	0	429 	459 	480	21 
24	121.5027736	31.2570718	1	1	417 	447 	490	43 
25	121.4461943	31.2696876	1	0	421 	451 	490	39 
26	121.4584748	31.2667086	1	1	411 	441 	485	44 
27	121.4842045	31.2876157	1	1	396 	426 	480	54 
28	121.4796258	31.1003451	1	0	414 	444 	480	36 
29	121.4682511	31.1584451	2	1	441 	471 	490	19 
30	121.3873336	31.1935147	1	0	436 	466 	485	19 
31	121.4840828	31.0800487	1	1	421 	451 	495	44 
32	121.2866891	31.2627096	1	2	383 	413 	480	67 
33	121.3626682	31.1807994	1	0	430 	460 	485	25 
34	121.5329813	31.2741008	2	1	392 	422 	480	58 
35	121.4256916	31.2674767	1	1	417 	447 	485	38 
36	121.2982405	31.2301011	1	0	388 	418 	480	62 
37	121.5096548	31.046578	1	1	406 	436 	490	54 
38	121.5726532	31.2551401	1	0	403 	433 	480	47 
39	121.474776	31.2151736	1	1	440 	470 	495	25 
40	121.4920872	31.0676408	1	1	420 	450 	490	40 
41	121.3287368	31.1194487	1	0	432 	462 	495	33 
42	121.3091464	31.0586356	2	1	404 	434 	485	51 
43	121.5646812	31.2170591	1	0	405 	435 	480	45 
44	121.2910336	31.0953784	1	1	418 	448 	490	42 
45	121.5258912	31.2291468	1	2	419 	449 	485	36 
46	121.5331506	31.1260915	1	0	431 	461 	495	34 
47	121.3090856	31.0574415	2	1	416 	446 	490	44 
48	121.4592757	31.0409763	1	1	425 	455 	495	40 
49	121.3493502	31.1870824	1	0	430 	460 	485	26 
50	121.3173088	31.1284505	1	1	418 	448 	480	32 
51	121.3138835	31.1888265	1	0	409 	439 	480	41 
52	121.4018146	31.2812764	1	1	418 	448 	495	47 
53	121.3642482	31.2866555	1	1	410 	440 	485	45 
54	121.5273045	31.1840606	1	0	436 	466 	490	24 
55	121.4883348	31.1888996	2	1	429 	459 	480	21 
56	121.4523885	31.0978303	1	0	445 	475 	495	20 
57	121.4773055	31.0941868	1	1	415 	445 	480	35 
58	121.4629139	31.2294736	1	2	423 	453 	480	27 
59	121.2963142	31.2658169	1	0	410 	440 	495	55 
60	121.4523267	31.2573315	2	1	424 	454 	495	41 
61	121.4632716	31.2672252	1	1	410 	440 	480	40 
62	121.4668783	31.2648952	1	0	423 	453 	490	37 
63	121.2996498	31.0637796	1	1	414 	444 	490	46 
64	121.4751393	31.275376	1	0	409 	439 	485	46 
65	121.5323785	31.2740279	1	1	405 	435 	485	50 
66	121.5121152	31.2656522	1	1	418 	448 	490	42 
67	121.3004368	31.1134937	1	0	416 	446 	485	39 
68	121.5430215	31.1693403	2	1	433 	463 	495	32 
69	121.5192412	31.2603764	1	0	401 	431 	480	49 
70	121.5073914	31.1556893	1	1	429 	459 	485	26 
71	121.3110196	31.2181692	1	2	404 	434 	480	46 
72	121.5246173	31.2055815	1	0	431 	461 	490	29 
73	121.3500722	31.2827929	2	1	408 	438 	490	52 
74	121.5871984	31.1895834	1	1	403 	433 	480	47 
75	121.4797232	31.2293782	1	0	437 	467 	495	28 
76	121.4229523	31.1172727	1	1	441 	471 	485	14 
77	121.4774117	31.2226162	1	0	426 	456 	480	24 
78	121.3609451	31.1789289	1	1	425 	455 	480	25 
79	121.3343074	31.1585752	1	1	423 	453 	485	32 
80	121.5103428	31.1627056	1	0	438 	468 	490	22 
81	121.4024865	31.1180472	2	1	446 	476 	490	14 
82	121.5832385	31.2439962	1	0	406 	436 	485	49 
83	121.2868173	31.270097	1	1	393 	423 	490	67 
84	121.4619443	31.206712	1	2	435 	465 	485	20 
85	121.4852982	31.2035962	1	0	427 	457 	480	23 
86	121.4587192	31.2260515	2	1	424 	454 	480	26 
87	121.3159069	31.2514576	1	1	394 	424 	480	56 
88	121.5000088	31.0251775	1	0	398 	428 	480	52 
89	121.5205226	31.0334722	1	1	403 	433 	480	47 
90	121.3074699	31.1886523	1	0	406 	436 	480	44 
91	121.3714657	31.2170599	1	1	431 	461 	490	29 
92	121.4342894	31.0530514	1	1	416 	446 	485	39 
93	121.5651539	31.2699014	1	0	414 	444 	490	48 
94	121.4469455	31.2372869	2	1	424 	454 	485	31 
95	121.5228447	31.2016853	1	0	433 	463 	490	27 
96	121.3736078	31.2658987	1	1	417 	447 	495	48 
97	121.4708838	31.1504871	1	2	450 	480 	495	15 
98	121.4628157	31.1520936	1	0	446 	476 	495	19 
99	121.3770325	31.2531564	2	1	422 	452 	490	38 
100	121.473998	31.0894768	1	1	418 	448 	480	32 

